<data>
<meta>
<attributes>
<attribute><type>Numerical</type><name>Numerical_1</name></attribute>
<attribute><type>Numerical</type><name>Numerical_2</name></attribute>
<attribute><type>Categorical</type><name>Categorical_1</name></attribute>
</attributes>
<hierarchy>
<Categorical_1 name="color">
<![CDATA[<blue><cyan></cyan></blue><black><brown></brown></black><green><lightgreen></lightgreen><darkgreen></darkgreen></green><pink><rose></rose><purple></purple></pink>]]>
</Categorical_1>
</hierarchy>
</meta>
<class>T</class>
<dataset>
3.100245000125218	2.6591163623782093	brown	0
2.0583256046870915	2.3620788924185865	brown	0
3.3394592577155113	2.0910649723078705	brown	0
1.1414865515222086	2.5925143056113527	brown	0
1.609953226380076	3.4679035080642926	brown	0
1.2042293064689924	2.1625689169513533	brown	0
4.353278100402531	2.1329732733949758	brown	0
2.920891064818096	2.0114366925072806	brown	0
2.5219123444796017	1.478269363832651	brown	0
-0.08517519875850343	2.0503873039672667	brown	0
2.609815458644256	2.781933669055846	brown	0
0.06807300533367178	2.4251881446067474	brown	0
3.476910624160006	1.726554523857361	brown	0
5.490449655102408	2.246730656370679	brown	0
6.90960755955963	2.0195696053187926	brown	0
5.399768528654681	1.8042735797925407	brown	0
4.940131401916323	2.196676634526909	brown	0
1.179255397052027	2.090735421499025	brown	0
0.5543583173713102	2.1021112461694735	brown	0
3.293256180018992	2.3521083028206	brown	0
4.4789443028188805	1.7895614735945136	brown	0
0.3545911508609536	2.03358106480291	brown	0
2.684634160600141	1.6825656649149554	brown	0
3.6430525564930876	1.571084423046705	brown	0
1.0943945129371013	1.9138519942426369	brown	0
4.078833505712113	2.2077607252052185	brown	0
3.5633749914405572	2.025715053990307	brown	0
1.142171977498726	1.889189009635111	brown	0
3.772656928767266	1.4193723997275596	brown	0
3.765192225855469	2.4387494751146144	brown	0
4.476524348604789	1.6066539612046455	brown	0
2.7340187855660716	1.9445542807877096	brown	0
2.2075114517042786	0.9530368531562108	brown	0
0.6669240268013206	2.2755801588181606	brown	0
3.0146386141947317	2.344262461817885	brown	0
4.702608796148148	2.0226690466299115	brown	0
1.0511336690477624	2.2993025521677675	brown	0
3.68980231660379	2.362548130822062	brown	0
-1.673306577455226	1.600932007680338	lightgreen	0
0.3738169819588908	1.6835026547805652	lightgreen	0
1.1311002341924035	1.3835317660221993	lightgreen	0
2.2598142146945457	1.5560683850977135	lightgreen	0
3.4673996321473814	2.1297792858988256	lightgreen	0
4.743363663883288	1.496057484307022	lightgreen	0
2.5599401796629864	1.74721477301309	lightgreen	0
-0.08310510882258715	2.7824616312403023	lightgreen	0
3.411124541311432	1.8782535127327036	lightgreen	0
3.435275519762157	2.474885080075326	lightgreen	0
5.145283915329345	2.059049223085921	lightgreen	0
4.9108395753128296	2.3184398949420153	lightgreen	0
0.8360478638077762	1.8611663665536335	lightgreen	0
1.3112515250827224	2.4696267943997774	lightgreen	0
5.0416236336172116	1.9449972127067194	lightgreen	0
3.9289568402707946	1.7280222717580567	lightgreen	0
3.8449690244766184	2.6982171748130592	lightgreen	0
3.9208378473957013	1.7218897812525262	lightgreen	0
4.604475780671347	2.395834631144173	lightgreen	0
3.1788977549051354	1.6081201604197246	lightgreen	0
2.537952351864395	1.2111807318538625	lightgreen	0
4.453412650604923	2.1816321677572104	lightgreen	0
1.4610551864919212	1.4338831814441555	lightgreen	0
5.3954692734755145	2.0307374998228505	lightgreen	0
2.2476345977360204	2.2315009920367186	lightgreen	0
2.517208359447972	1.4513602951795423	lightgreen	0
3.625137540837991	1.839320669854601	lightgreen	0
3.5032990788288365	1.641691824167111	lightgreen	0
1.1644509271664953	2.137367006325009	lightgreen	0
0.609106231061276	2.3204581487181954	lightgreen	0
2.808839277171235	1.5057097770499137	lightgreen	0
6.000822505307835	2.2073555478012414	lightgreen	0
-0.4149200808926463	2.1915748532625163	lightgreen	0
1.2864250024608654	2.1682164910197086	lightgreen	0
3.494690418980658	1.489266525308935	lightgreen	0
1.5959851347248382	2.0898307622452643	lightgreen	0
1.9491062102043084	1.4143350964340682	lightgreen	0
2.374961639994984	1.9783625877762059	lightgreen	0
3.2428554162763192	2.1640688918836015	lightgreen	0
2.0093837824168954	2.237887418817227	lightgreen	0
3.234097739054573	1.958861942573809	lightgreen	0
1.7705696996399771	1.8075458559080604	lightgreen	0
6.170114765478896	1.9414947760343013	lightgreen	0
3.670566681799617	1.9508160425396304	lightgreen	0
-0.1013762496049937	2.128483770885869	lightgreen	0
3.3541316073090326	2.8599694366895783	lightgreen	0
2.997090484777629	2.0675553838087106	lightgreen	0
2.9490993656141566	2.1444216809183874	lightgreen	0
0.8510171829805007	1.8882611414857542	lightgreen	0
3.61075723451369	2.4487675576293073	lightgreen	0
1.987850880651667	1.603213786719433	lightgreen	0
-0.21936396563885197	1.882099444758453	lightgreen	0
0.07149773763532696	1.85110469296086	lightgreen	0
3.426405734583871	1.8497744958090152	lightgreen	0
2.634100460262523	1.8557157011190863	lightgreen	0
4.040822268607834	1.998363135492507	lightgreen	0
3.41997685666407	1.7713606377108855	lightgreen	0
5.510621628114954	2.3497635465344997	lightgreen	0
4.270518529628309	1.4666677598661573	lightgreen	0
1.5282667749752719	2.158460362736292	lightgreen	0
3.776390726259518	1.7466019576041456	lightgreen	0
0.7418443910013766	2.6835949932011682	lightgreen	0
1.9966892167242487	1.2973488305300833	lightgreen	0
3.5009303396573848	2.436303228437856	lightgreen	0
4.12675307820426	2.5721451874734353	darkgreen	0
2.107179080593772	2.2470156720257033	darkgreen	0
0.9824437331023481	1.736307143790409	darkgreen	0
4.887066911957465	1.7835060546326185	darkgreen	0
3.791751047192459	1.5144913758584604	darkgreen	0
3.7902773793538285	1.726146625129564	darkgreen	0
4.523266784966907	2.202507950785489	darkgreen	0
3.0182696789777386	2.3819648327132903	darkgreen	0
2.2230770200834953	1.651212418926717	darkgreen	0
2.1719549342856475	2.5649096191618894	darkgreen	0
4.732997393690635	1.8334903732896213	darkgreen	0
3.9370612147116884	1.2517448468380556	darkgreen	0
2.6327591735514595	1.7306433496473332	darkgreen	0
4.240907029022693	2.210710309023715	darkgreen	0
2.4118876160493743	2.4733806567746903	darkgreen	0
4.170967116673991	1.5380720453233667	darkgreen	0
4.978732322915532	1.824551902912436	darkgreen	0
2.16774056527422	2.253262027613663	darkgreen	0
1.1147761640883578	2.4024274114559434	darkgreen	0
7.284084435828091	1.7776101847990138	darkgreen	0
2.1612777923138893	2.4629297229869924	darkgreen	0
5.176518618472697	1.854007841726282	darkgreen	0
1.754477852479669	0.9407912091854516	darkgreen	0
1.4378370870780326	2.2283079101037186	darkgreen	0
1.43375361292383	1.930333044699192	darkgreen	0
3.254581886569838	1.7733573724693221	darkgreen	0
3.5961073569454567	1.3112026226730285	darkgreen	0
2.5921101375834503	2.3257682732136225	darkgreen	0
3.4658654540403537	2.003910826315303	darkgreen	0
1.1715028488355181	2.218730323707679	darkgreen	0
2.222628397136892	2.127012730801537	darkgreen	0
5.77601684149169	1.8292813258178486	darkgreen	0
4.503833273348839	1.9390660333049108	darkgreen	0
4.251934210324073	2.2847949323355743	darkgreen	0
5.060535669293164	2.2776071530626334	darkgreen	0
2.248448741967647	1.5717622210761089	darkgreen	0
0.8827174389598844	2.216602363778391	darkgreen	0
1.4562418895416582	1.74790053265964	darkgreen	0
3.4176733827170085	1.6350114763259394	darkgreen	0
2.1374522453791647	2.03246598692442	darkgreen	0
0.32988719759656027	2.6148304996868914	darkgreen	0
4.872726908083187	2.2665068920794114	darkgreen	0
4.941410310148337	2.1023265564984928	darkgreen	0
5.2506635989931905	1.3670302777742567	darkgreen	0
3.142305141034593	2.103350108084415	darkgreen	0
3.4570705164994115	1.8043932518612653	darkgreen	0
0.6173736829475671	1.6771981205183255	darkgreen	0
5.510352572423292	2.292433910988585	darkgreen	0
6.48569062896885	2.0898050338851393	darkgreen	0
4.787791612560545	2.5669676146137457	darkgreen	0
1.1851453714387847	2.0525528134701565	darkgreen	0
2.7950992872051352	1.5260772096368767	darkgreen	0
1.6382096932892567	2.8027482455974155	darkgreen	0
1.642225588302595	1.995310236838757	darkgreen	0
2.7368328205852777	1.938016634201757	darkgreen	0
2.3987160441476965	2.417314357304999	darkgreen	0
3.93686465555997	1.8731490660904286	darkgreen	0
4.382173974447644	2.177489237999898	darkgreen	0
5.2389092076942445	1.3604545071311924	darkgreen	0
4.96954060118101	1.3418002517872134	darkgreen	0
-0.49916412137609045	2.3089568875490687	darkgreen	0
1.7088402885729637	1.6224350183688303	darkgreen	0
1.9454516169828913	1.9313473631998992	darkgreen	0
2.639046296595834	2.574244717839947	darkgreen	0
4.275251263678701	1.467566931078741	darkgreen	0
2.977932389517461	1.7477008725466368	darkgreen	0
3.9183636724838715	1.7668135866458647	darkgreen	0
5.299281519549178	1.657844403481731	darkgreen	0
2.4074883662253423	1.9466868301168867	darkgreen	0
0.8354043633418637	2.2138658654321977	darkgreen	0
3.829102507801206	1.1992830504891279	darkgreen	0
0.1291261667644399	1.8380493103042632	darkgreen	0
3.9959459807733078	2.7485402290087806	darkgreen	0
4.45316038220931	1.7684663759174835	darkgreen	0
3.5312904609765887	2.0631303559885854	darkgreen	0
-0.004902067053426773	1.7082418400546935	darkgreen	0
1.6256828304503128	1.9096561736984572	darkgreen	0
2.0633034310021325	1.6792877429238575	darkgreen	0
2.957833970140254	2.0659401057311606	darkgreen	0
1.436515367900427	1.8146444937441697	darkgreen	0
1.4335650436775313	1.9351576505465575	darkgreen	0
5.550619089818436	1.5960748550621553	darkgreen	0
2.042799564408077	1.4905115220169871	darkgreen	0
-1.1007054319269134	1.5679814408461685	darkgreen	0
2.6068909419255903	1.628538396583052	darkgreen	0
4.387572677314655	1.8774495785236818	darkgreen	0
2.9398158863928936	2.076399936878419	darkgreen	0
2.019755664997171	2.394608932195472	darkgreen	0
-0.04976572046147698	2.5437958924680166	darkgreen	0
4.384223676307402	2.1134254239094408	darkgreen	0
-0.09021437773098073	1.8119975729443716	darkgreen	0
5.185662062552115	1.9667347460028664	darkgreen	0
1.5664236945645678	1.7119844202728958	darkgreen	0
0.6080538234768857	1.8590380169174772	darkgreen	0
2.2731729369423928	2.030864381039858	darkgreen	0
3.2168091290572445	1.9839459685913554	darkgreen	0
1.5190885361901836	1.4228344425323347	darkgreen	0
4.11943684492314	2.4016829991514017	darkgreen	0
3.6396441172483627	1.5169473171258323	darkgreen	0
2.127553151534453	1.526793172380444	darkgreen	0
2.6529956264232357	2.4022816212030365	darkgreen	0
2.2250001825044143	1.7506198255040564	darkgreen	0
1.6854945975564186	2.2844532530940285	darkgreen	0
2.3681156131393095	2.573002385943529	darkgreen	0
1.5001314259182075	2.1702886421368697	darkgreen	0
4.5673123581611685	1.7590700208568848	darkgreen	0
2.251253580249121	1.4986354309140326	darkgreen	0
4.054165349636657	2.5158952313453544	darkgreen	0
5.59892285326454	2.0315536386057937	darkgreen	0
4.0578962720638545	1.68961431519105	darkgreen	0
3.792186396453098	1.8340858896194268	darkgreen	0
3.451209070675026	2.3022433446657824	darkgreen	0
3.1930716589477672	2.0606946506023127	darkgreen	0
3.513554409166028	1.311960316558272	darkgreen	0
4.315996350796849	1.9366847684184547	darkgreen	0
1.5263876451702916	2.616228519817346	darkgreen	0
1.8604760522854809	2.4485937897500043	darkgreen	0
3.184509020372051	1.8295221261509516	darkgreen	0
4.727185629415387	2.0622609260635048	darkgreen	0
3.3249737957687935	2.1522326306401593	darkgreen	0
4.99867198394523	1.7604911168018214	darkgreen	0
2.7735871689429263	1.7656652197469236	darkgreen	0
2.8225001601105566	2.169839657724039	darkgreen	0
0.717965133160448	1.7166269634798366	darkgreen	0
2.6031225219676815	2.073693245861002	darkgreen	0
1.247833554020521	1.4276068918889626	darkgreen	0
2.6600504947444072	2.5025768795877896	darkgreen	0
0.8258485637134982	1.8437362956644323	darkgreen	0
3.3581406587775224	2.2600607598514415	darkgreen	0
-0.3372432486384547	2.0873229014978345	darkgreen	0
3.818390516843017	2.607322054669149	darkgreen	0
3.9316177205479907	2.6941209674086988	darkgreen	0
1.6427513819798096	1.6646425619027867	darkgreen	0
5.483523333588197	1.5707496459512456	darkgreen	0
3.163623679652059	1.8097071319669054	darkgreen	0
4.023683037134815	1.7268902059384	darkgreen	0
4.106842159343106	2.286075700288709	darkgreen	0
2.606894552046804	1.6152709936638923	darkgreen	0
2.9534627187187863	2.4093454944466304	darkgreen	0
4.316451519861713	2.296504062660851	darkgreen	0
1.7639283448347889	1.9619366827648004	darkgreen	0
4.702053294072926	1.3617264301050247	darkgreen	0
1.9199011106063066	2.195815786279109	darkgreen	0
0.44858309693731435	1.867376705483032	darkgreen	0
3.8068362927424872	1.5781956995964066	darkgreen	0
3.922742861126321	1.6332992788486458	darkgreen	0
2.4299112777336567	2.8962075365262816	darkgreen	0
0.9125397119520442	2.4587551279594866	darkgreen	0
2.750683600443284	4.467562555318624	brown	1
2.84611753457731	1.1376386023454343	brown	1
2.080199669524995	5.162008923961983	brown	1
3.8861432951390853	5.322519365751776	brown	1
2.1112441016854135	4.117755282506371	brown	1
3.369135184529159	2.2066358308520697	brown	1
2.6869078341909782	7.0246547170683336	brown	1
-0.3276797482882441	3.083661689859912	brown	1
2.569391957453767	4.703973444115332	brown	1
2.610292088114619	3.746612827877843	brown	1
3.593460290270466	3.960243331134881	brown	1
0.0765502110687204	4.91179182487806	brown	1
3.0024174425075234	3.2814975412203164	brown	1
2.910669457109525	2.431586505379906	brown	1
2.455956116808382	4.55630934570405	brown	1
3.686648932553574	5.157222250748725	brown	1
0.7902639216252019	3.851795497052132	brown	1
1.2407532351103259	3.176963206486853	brown	1
0.5626059362275782	3.537677259094618	brown	1
2.0696192302140304	4.232536120002293	brown	1
2.3485392061518384	3.4342049924339424	brown	1
3.07713600168979	5.881894988889231	brown	1
4.992418586412168	4.432035235272565	brown	1
2.4042365418197056	5.783104618969303	brown	1
0.4585412784192424	1.9275870862964846	brown	1
2.0946504991172703	2.7770606935387985	brown	1
2.506099849378036	3.4557125003350544	brown	1
0.3190186633099923	2.975907231310017	brown	1
0.10807354187191365	2.2059073295801124	brown	1
1.3403613593465649	2.296680198897069	brown	1
3.016802141814625	5.1329989632710395	cyan	1
4.521146581505323	4.665677620317163	cyan	1
3.6841326435389172	6.557656942469192	cyan	1
2.3601039272045585	4.962657378699696	cyan	1
1.2354201766812931	4.611757494627238	cyan	1
0.28386664714082577	5.268732552907949	cyan	1
1.9092805395021628	3.582793826907833	cyan	1
2.565362551348273	4.491151230730953	cyan	1
2.1653152308218844	2.3164429687803603	cyan	1
2.6786113995206398	3.9764207886119585	cyan	1
0.5825261857421813	4.074706590768271	cyan	1
5.536401887000775	6.211127814966817	cyan	1
-0.8068439549070265	2.0933518971692764	cyan	1
3.5762088556257727	5.115722934307546	cyan	1
0.802682891276574	4.329553993007193	cyan	1
1.2949934653346005	4.073283972283205	cyan	1
3.7056785587409715	4.126600873871309	cyan	1
1.653473029614014	4.0450894828380894	cyan	1
2.381939942038549	4.482887591846837	cyan	1
2.8114878990984247	4.758502348250042	cyan	1
1.9065571865336703	3.6296447289113174	cyan	1
1.5114862785631358	5.331961450437845	cyan	1
3.2519888375884953	4.886158299891576	cyan	1
2.4415916877374753	3.1659024278601247	cyan	1
1.5354558031722854	5.408479166303122	cyan	1
-0.20710594335107269	5.702195299886238	cyan	1
0.9574208947926932	3.856209545205827	cyan	1
2.630903328805039	4.84668148252222	cyan	1
2.793654070558285	4.060115112316505	cyan	1
3.434233782546656	5.003807862895028	cyan	1
3.2902054119835005	2.497915828360914	cyan	1
2.2069069569153803	4.459379996499459	cyan	1
2.643925387190712	4.0467675035593365	cyan	1
2.353005325765922	5.146686738503883	cyan	1
-0.4552429026812863	4.632546090217788	cyan	1
-0.6626651282389542	5.609680522804259	cyan	1
1.9614750411525643	1.435835029483325	cyan	1
4.371819201451142	2.6910099363582862	cyan	1
2.675553909096332	2.9491481357851295	cyan	1
2.053133567154701	6.025199592544682	cyan	1
1.9389187940884558	4.845172693094334	cyan	1
2.081387663243114	4.568017745909856	cyan	1
2.0738216199845323	3.386400198499378	cyan	1
1.651569617638863	1.6711497233509092	cyan	1
3.016560892242822	4.727896329600701	cyan	1
0.7759937458056749	2.649342729508459	cyan	1
2.4258716995942176	2.9023520051511245	cyan	1
0.18449301320335354	4.894805646673277	cyan	1
3.7575916829141267	3.9461513384617266	cyan	1
2.610611804296787	4.647529873069777	cyan	1
3.1678352587332563	3.674956984662322	cyan	1
2.400238406420996	5.129729998031938	cyan	1
0.5302010025436628	4.335025052194502	cyan	1
2.701077155799476	4.407640821263538	cyan	1
0.5064530010013542	4.250493810322155	cyan	1
2.8102628157924117	6.08180507139862	cyan	1
2.935864383169443	3.7167549618544484	cyan	1
3.1106994474064322	2.2813724003800315	cyan	1
0.8511942533627148	3.5235029197475	cyan	1
3.709115370884148	4.516771165299402	cyan	1
1.2950890023112709	4.120135862120049	cyan	1
0.7855164225303422	4.542657189846226	cyan	1
3.430247290999289	2.3789281895905487	cyan	1
1.6838308696472066	5.0115756503894175	cyan	1
2.625885011761702	3.9671828470991386	cyan	1
1.322587763991924	5.1145764046232145	cyan	1
3.3501927736206243	6.121041411269829	cyan	1
3.0796225454389727	4.7843003101889785	cyan	1
0.883620697805668	4.9056529657172145	cyan	1
1.5614009743518538	3.930859968501041	cyan	1
1.4580892539329386	6.618431382265024	cyan	1
3.9487776412729976	1.446448769551317	cyan	1
1.541943717919927	2.8280669701358008	cyan	1
2.2885033337925216	5.013502200479234	cyan	1
3.7642492473164015	4.401468287797149	cyan	1
0.9631639820751474	2.235946249947382	cyan	1
2.3951442857580156	3.4818973012312235	cyan	1
1.0843071624164304	6.047668424806273	cyan	1
3.926499682643002	5.6264615187913325	cyan	1
1.36764027982588	3.6521514126282777	cyan	1
0.13439110234245288	4.648445319871058	cyan	1
3.0099524368141655	1.4903656856702239	cyan	1
1.5656612713857216	3.538384568914772	cyan	1
2.0717421438675205	3.7166653843499886	cyan	1
2.801095147695393	5.199905570980338	cyan	1
2.8650562700879583	2.7331482299907193	cyan	1
4.829558372770569	5.390860131936771	cyan	1
2.309253524362581	2.5473628805043202	cyan	1
2.020220240843031	1.5952150161812768	cyan	1
1.1309927414047365	4.98984892393834	cyan	1
1.4890007569625854	5.180197909187099	cyan	1
2.2721798927854118	4.217915681624585	cyan	1
2.706997750824458	4.397580056090498	cyan	1
1.4996135274898972	3.4983945729810038	cyan	1
1.1648633941950055	2.8499871936078733	cyan	1
0.23350776204180868	3.7093445039412867	cyan	1
2.0243308923621335	4.439229696489236	cyan	1
1.9349396257971931	5.183897767846523	cyan	1
1.467098488348154	4.02311261629304	cyan	1
4.980722301870747	3.860755921135058	cyan	1
3.5338417577524046	3.2925577161058124	cyan	1
2.5450623266235426	0.31206894395896967	cyan	1
1.738685429581058	3.716970469652357	cyan	1
3.035615231493244	5.2152474455661135	cyan	1
0.187658293214785	4.6579540434027935	cyan	1
4.54403211844993	3.984724031510521	cyan	1
0.8700023389285805	3.584217889425834	cyan	1
0.9391802384367551	3.5613987173395136	cyan	1
3.2728102671568116	4.937779002514974	cyan	1
2.7610299640284492	4.866753877648809	cyan	1
5.097080417184493	0.7573126788983964	cyan	1
1.101792685429003	4.230570872066827	cyan	1
3.185166867195154	3.1523807298832627	cyan	1
1.424058467644329	3.1471187721855105	cyan	1
0.906061590883906	4.526229836478411	cyan	1
2.692118768282874	2.121912053244845	cyan	1
0.7300309493476189	5.393867215209065	cyan	1
2.154750195116925	4.667478120705846	cyan	1
1.892662686685303	4.66155057930506	cyan	1
3.945443724686981	3.409840774606666	cyan	1
1.819854648539374	8.26968053496914	cyan	1
2.5213843266215825	3.6300907053657285	cyan	1
2.4737244050739275	4.635113521240977	cyan	1
2.6556169685655506	3.2392568938324704	cyan	1
2.6683289498057055	3.862987420442238	cyan	1
-0.15856657544954222	3.9451049000424474	cyan	1
1.3781327684118878	4.642828114891203	cyan	1
3.446067667373882	2.9269996476821447	cyan	1
2.711339745483566	5.242896041489461	cyan	1
1.68462662589535	4.8535396326881965	cyan	1
3.3680184849586547	3.379323361555128	cyan	1
2.524633884017078	6.116688066011534	cyan	1
3.4121565061829626	3.1334988009669615	cyan	1
1.2536537157763648	1.9412939375338816	cyan	1
2.056777874645793	4.432623640137939	cyan	1
1.4080148730576874	5.387288631026738	cyan	1
0.45895134018212214	4.3883227911417375	cyan	1
3.3600882189120354	4.911286969042713	cyan	1
2.048704303838705	4.00238512600952	cyan	1
3.818963687477157	4.491358023259409	cyan	1
4.762147576642112	6.2363381944837695	cyan	1
2.9112615031439777	5.4254553601465005	cyan	1
1.7272993183259548	4.612069090913814	cyan	1
-0.14263161117724232	-0.07844891343153737	cyan	1
1.5544098230861259	2.9531732605197103	cyan	1
1.2621725124144612	3.2915961965461675	cyan	1
0.4605585731478392	4.816575202710897	cyan	1
2.8736282271698403	6.431375548618856	cyan	1
2.134153770965594	3.019682610825357	cyan	1
3.2056757094423123	3.3030578774697834	cyan	1
3.627009408241627	4.180148187459008	cyan	1
4.112568058954247	5.333392104838509	cyan	1
3.269614896627459	4.074524794092556	cyan	1
0.27514442345539925	4.4365867423009275	cyan	1
1.8220267653342543	3.6403810675860995	cyan	1
2.007662949705918	3.006181849293588	cyan	1
5.445677993231051	1.5916481272958007	cyan	1
1.0072841335750446	2.5511000888705833	cyan	1
0.9484023567705329	2.5784501157630473	cyan	1
2.7903475902840302	1.0135843191796186	cyan	1
1.7038402116688907	3.1940819560873273	cyan	1
1.7410342571384707	3.689682199138305	cyan	1
1.9737892840257691	3.2367808458721474	cyan	1
1.3148473848244868	4.28571255104608	cyan	1
-0.12289544326989699	5.089628825202515	cyan	1
4.657171249775475	4.20781949061904	cyan	1
0.04662663437402914	3.954585749935887	cyan	1
2.888916137566265	3.4874215726355997	cyan	1
1.4547298946144505	6.32161713492213	cyan	1
3.102296323624067	4.381407662162736	cyan	1
3.444935397124584	3.7542616315238777	brown	2
4.605142493258265	5.461073615834451	brown	2
4.464133971104182	2.9060777663319666	brown	2
4.678464213436664	2.514970081753329	brown	2
5.009261818047044	4.9023295172526	brown	2
3.824577627039751	5.013016968695366	brown	2
5.467674013019548	2.1479576084787086	brown	2
4.977243918785339	4.479012972983539	brown	2
2.7248218366617536	2.5233918022544857	brown	2
3.0649920142107154	5.09135394780264	brown	2
3.1473987239796015	4.889135558476436	brown	2
3.916746994418195	3.817933795523741	brown	2
5.198625901904848	1.7161658220139917	brown	2
4.531090645563073	4.9341999812681046	brown	2
1.3713257533559915	5.505910202615552	brown	2
2.7427958201053992	4.1641411761783385	brown	2
3.406089354241258	5.372133636676721	brown	2
3.935947931589948	4.717269298527072	brown	2
3.908222599006942	4.94527143221264	brown	2
2.276123770053201	4.722013082808752	brown	2
4.717803571843334	2.842417203511629	brown	2
6.576035605928491	3.314277064157299	brown	2
4.159144761997602	4.759128284518495	brown	2
3.924853470448175	3.753678419499678	brown	2
3.502132429139972	4.995435659033022	brown	2
4.964773763986857	4.5144757249146075	brown	2
3.898637688727399	3.7674995909523865	brown	2
4.199420740743713	3.7899507837906885	brown	2
5.112613554547421	3.6063821359173884	brown	2
3.4478941739219593	3.4198502711112018	brown	2
4.011895206677451	4.7204316388697425	brown	2
4.147666995676962	3.834358719536784	brown	2
5.211064829369164	5.279014822649297	brown	2
4.602339631972413	1.2686232769810104	brown	2
5.80746253573639	2.7498336717099923	brown	2
2.770315519081428	4.660071335152945	brown	2
2.470544146790416	2.391987739486477	brown	2
3.7339461955549114	5.3778489084519885	brown	2
1.7480614967462187	4.3767759226266385	brown	2
5.63543430594376	3.510241781136644	brown	2
4.138540018663365	6.4630120390539005	brown	2
5.9135656119872255	4.089898912255818	brown	2
4.617354955467889	5.597822965385673	brown	2
4.830782060376761	5.235552393036137	brown	2
3.3221592525063217	2.2620621585657963	brown	2
1.799123824824917	2.9461736175041606	brown	2
3.884317075540313	3.0244122315090345	brown	2
2.8968075226889898	5.183394486184529	brown	2
2.747397256415171	3.9783467133393082	brown	2
2.305193325629003	3.911659421257824	brown	2
2.634267367023428	3.9987375290593974	brown	2
4.881633680941881	4.532673914268189	brown	2
4.859568465322942	2.017850327726789	brown	2
5.468192065132822	4.844103252204421	brown	2
5.281934155374204	3.605977433327026	brown	2
5.083337376056263	2.5035537482013788	brown	2
4.951790044092409	4.277159357710425	brown	2
2.8660096687146037	2.823419482050966	brown	2
1.7865725266295	4.25155148761064	brown	2
4.500805260089619	3.8528702166336135	brown	2
4.734031423114932	4.658056582231815	brown	2
4.8128242547693265	3.8775947387078205	brown	2
4.992923660423663	4.178915507697047	brown	2
3.243515014581384	2.3247417830332884	brown	2
4.5256900365173465	3.8772764605856858	brown	2
2.40659734739131	4.704417962887797	brown	2
4.332954115505939	1.4297634889397224	brown	2
3.9181910615271964	4.088044624602778	brown	2
5.043542795586564	3.9794632365790643	brown	2
4.994452747121799	4.605000454975336	brown	2
4.602426047065774	4.928649448286716	brown	2
4.981833296233327	4.812256229314919	brown	2
5.384441428056741	4.971741393800435	brown	2
4.782195821514755	2.0510665631150284	brown	2
6.975489141718542	5.711669270244613	brown	2
5.08094170843823	4.769132266706329	brown	2
1.5614900509964311	4.558819047661955	brown	2
3.922288350721929	4.251583814624019	brown	2
5.469311534356281	2.2065387499025064	brown	2
4.177063534912257	4.643187010681049	brown	2
6.477639336786545	3.352191590650886	brown	2
1.1571945238447223	4.483581539647825	brown	2
3.3043109681460985	1.6084311180107926	brown	2
5.44771256218259	4.575476954854456	brown	2
6.4668706747853	5.59637834699995	brown	2
4.166206961888231	4.566283418123148	brown	2
2.714778204494654	4.701729795879556	brown	2
5.200230488100152	3.266925596027454	brown	2
4.461045648058816	4.7408274053593615	brown	2
2.8949709116345343	3.6960889615356325	brown	2
5.744690460965416	1.8256091954291573	rose	2
3.2417010136697546	5.759297384519938	rose	2
3.9865786037500808	2.9263482073194744	rose	2
2.745677598859863	3.2815613288770598	rose	2
2.890760714892762	3.2049824428293587	rose	2
6.015484496306681	3.6867437359456257	rose	2
3.3285168543658323	5.280150656710486	rose	2
4.780574028232827	3.70947772913219	rose	2
4.284412643377596	5.230102618402612	rose	2
5.84337034676698	5.070233228097273	rose	2
3.04697003647063	3.2363432082679973	rose	2
5.22751031692924	5.072638092439221	rose	2
1.6847248769999164	1.5729317231837308	rose	2
4.040252423616075	5.483119245936853	rose	2
5.297919563899695	3.23578972677848	rose	2
3.024462604678518	2.8270133176506738	rose	2
3.5385719136573206	5.0193575213190424	rose	2
5.062922154999401	4.419484792639527	rose	2
4.2289047622206875	3.865181417749673	rose	2
3.350243131961956	3.1244606041306433	rose	2
2.9910348242305353	4.310263228646738	rose	2
4.668434503533651	2.617683149337898	rose	2
3.6876288081162643	3.8396429567731714	rose	2
3.0912951174912107	2.699444913300919	rose	2
3.6913387506002695	2.900679134478036	rose	2
3.663189596630202	3.2960032914359916	rose	2
5.164599097143824	4.714402251354586	rose	2
4.29930498884748	4.754471461797414	rose	2
3.236439453745449	2.6520559752076736	rose	2
3.44427557985342	4.828683338895605	rose	2
4.8018866682542845	3.921878446017778	rose	2
5.1791118711606074	4.04350373249308	rose	2
4.758976125309686	4.621228936429805	rose	2
2.7703430822555943	5.137321710995028	rose	2
6.154315281974747	4.088040753935089	rose	2
3.907286770255399	4.854893952620704	rose	2
5.436826952374825	2.6837714821334187	rose	2
4.612907816124474	4.195973571067333	rose	2
3.3068286772560573	3.9575135778379025	rose	2
5.95463781319745	4.681153398788234	rose	2
6.981063485289184	3.7824692529303188	rose	2
3.3770725538227686	3.969026626998387	rose	2
3.22416452404181	3.2971334166472293	rose	2
5.195725980597295	3.7742995486352022	rose	2
3.1071123061969987	4.577658903535248	rose	2
5.207038712853703	4.084589021178447	rose	2
2.4730468158820633	3.81485269367938	rose	2
1.646970202469983	3.799932619041792	rose	2
2.625910337691357	4.681017742900217	rose	2
5.507977320353731	4.442236947092518	rose	2
3.8586287329686355	5.744169127487666	rose	2
2.526283503854172	3.0183535915582924	rose	2
4.548244632200506	3.8383411629200253	rose	2
3.3789378702076496	2.0985066669639947	rose	2
3.6723710844235193	0.1182569106119864	rose	2
3.8784983627612815	1.978404748569453	rose	2
4.055408595958919	4.085836709309973	rose	2
5.65511637125309	2.9678205282323855	rose	2
4.824561391364685	3.3339600582152205	rose	2
5.737586114036645	2.271655883220462	rose	2
4.147431608118123	5.33997683604512	rose	2
4.3960634679911035	2.7603110497217056	rose	2
5.03539982040642	4.275054349302281	rose	2
4.985440499111654	4.775237668404779	rose	2
3.5865066006555417	2.470824780432385	rose	2
3.2153492496200498	3.8609228408714014	rose	2
3.9317573446431844	2.7393339992000625	rose	2
1.452501217354794	3.4289445445158098	rose	2
4.559709312240216	4.244420481805544	rose	2
4.279763003099777	3.3333810256229186	rose	2
3.909315714790099	5.592110220817128	rose	2
4.595475649673309	4.40461139562495	rose	2
4.174828940958459	2.97428721853231	rose	2
2.9062457269800888	4.891431318565354	rose	2
2.054961768788507	3.2860729428176585	rose	2
4.758703659454621	3.748125503829875	rose	2
3.9131963776969227	3.172578852802704	rose	2
4.052314527740258	3.604536182143393	rose	2
4.2598823955156515	3.1950262239185068	rose	2
2.743285345039871	4.110495544681027	rose	2
3.469609080220142	4.705889635704532	rose	2
4.096850411304398	3.302080832842458	rose	2
4.818638901942511	3.4730516806671647	rose	2
2.8013954073172127	3.6129914559751244	rose	2
3.7259076087946226	2.8316570340180407	rose	2
4.338677770981806	4.98712685771603	rose	2
2.88554611330861	3.5110207283802213	rose	2
2.2492919953925794	3.660652493020126	rose	2
3.4191921008763164	3.5740094887644496	rose	2
3.5012507259956798	5.205453651829061	rose	2
3.098802750382222	3.703401526407682	rose	2
5.607408074046847	6.4492340459174	rose	2
2.501921865586654	5.450609597655845	rose	2
1.9389147086977174	4.441908018421777	rose	2
4.9877758061077815	4.781905006932471	rose	2
3.9765128814261645	3.7090082129921242	rose	2
5.181485526411773	4.487040274655185	rose	2
3.8874478717864958	4.768067013483227	rose	2
2.1372639155165514	5.887382649685243	rose	2
5.15460302587277	1.1435283454844538	rose	2
2.9738739191260706	6.823338119571309	rose	2
5.432206535293235	4.79355945221733	rose	2
2.900978533647963	4.0914000528928005	rose	2
4.978358595358333	3.2321845560787152	rose	2
4.154233063218954	3.9582399016780823	rose	2
3.998105112331373	4.060396709194008	rose	2
4.727052386322697	6.077182298784335	rose	2
1.675749408046923	4.4238577937525285	rose	2
4.153958460281032	3.6126470853503982	rose	2
4.367256217680639	2.886047798802196	rose	2
0.794148881824996	5.376574019598877	rose	2
3.453659199279273	3.946256707856567	rose	2
5.28837534431677	3.380920556665755	rose	2
4.151296851936469	4.834538775157575	rose	2
5.147009844981362	5.775262005629649	rose	2
3.919198949523929	3.951646074605144	rose	2
4.620354621334764	2.7608114516352598	rose	2
0.8744684274802195	3.0711479845543153	rose	2
3.3504243733925247	1.776102685394477	rose	2
3.417767404897473	4.166245895032304	rose	2
4.591479262255054	1.8634946284442178	rose	2
4.619184551168253	3.669313554035937	rose	2
2.6390198218128957	4.195397792315749	rose	2
5.859097374330818	3.5528302802833567	rose	2
3.1086148958777464	3.8778419089569858	rose	2
1.6762987821129007	3.804381191495415	rose	2
4.327029235385079	3.350003431727879	rose	2
3.8942454340114834	2.9884982266816165	rose	2
3.6833937515008417	5.279407527307744	rose	2
4.347578785243495	2.741515173980331	rose	2
5.2690416864258465	3.507046823800084	rose	2
4.088598207013555	4.349097891018858	rose	2
3.867286105919912	4.568676654335466	rose	2
4.757544281344279	3.248504195410162	rose	2
4.585394587268712	3.141399686253824	rose	2
3.837904698244955	1.9530302468846377	rose	2
3.731717899759436	3.8981984142365262	rose	2
3.6437101168489994	4.3884181846364285	rose	2
3.249914367105619	3.1774417181108316	rose	2
5.6166756842127645	4.712387719347707	rose	2
3.1725362815047724	4.22886234519917	rose	2
6.705104512282011	4.883429675396046	rose	2
3.6823338712913225	2.6121881220289955	rose	2
5.953736654287082	1.500564891329879	rose	2
4.707162938666922	4.107841467021924	rose	2
5.28621721637359	4.9722774157767144	rose	2
4.451605140918669	2.5938494285823745	rose	2
4.148474543370739	3.2714183873462206	rose	2
3.711992169378782	4.6050425793958025	rose	2
4.880970296258699	2.1762847222400774	rose	2
4.8210037568169515	2.8683613599627056	rose	2
6.123418717467092	2.0248983176753352	rose	2
4.290729595067513	5.457852976056857	rose	2
3.611377361946015	3.005332015364541	rose	2
3.2023195504087614	5.889238665053737	rose	2
2.7748027638569748	3.782977703711416	rose	2
5.506274668679451	2.638747662145626	rose	2
3.9658598461654373	4.640403634295117	rose	2
3.9408111658467675	2.4511526480634576	rose	2
4.224055622356634	5.185557968640678	rose	2
3.429822988665336	5.36266739788265	rose	2
5.639589712518635	4.970514797182594	rose	2
4.127326167223445	5.223242926922401	rose	2
5.053302649569499	3.400289679496537	rose	2
1.2681341748159984	4.884091894693649	rose	2
7.006636864052918	6.5333635312120775	rose	2
2.687510448375055	4.725307602810024	rose	2
3.512038059391722	4.107689026719508	rose	2
4.190027460732403	1.4486082546598706	rose	2
4.142442149457052	3.6749488336531515	rose	2
4.268639777081678	3.473430469553325	rose	2
3.7829847584845795	5.929452372831952	rose	2
2.689900611110567	3.206550997928718	rose	2
3.4502301983076276	4.187925459957819	rose	2
3.468132868709315	5.150623663541813	rose	2
4.665971906390693	2.745699370946152	rose	2
2.93625062143156	5.286112656501935	rose	2
4.2931954635911005	4.693496218287187	rose	2
3.7115168709767667	4.499097897611475	rose	2
3.35505032572034	4.929674145167152	rose	2
4.622935269577205	5.091485521320836	rose	2
4.314774345555787	1.7411410131258616	rose	2
3.8676783202260943	3.9732543000266785	rose	2
3.961742410654237	4.203684593047821	rose	2
3.229194467823419	2.067425818083649	rose	2
4.09331567479147	4.235359431313595	rose	2
5.44263778949433	4.398345563480384	rose	2
5.553395410198423	3.880999541862374	rose	2
4.496131923842829	4.919459106012303	rose	2
3.115159124310748	2.7335096406955417	rose	2
3.306028768354617	2.916654226490701	rose	2
4.182973962439146	2.794563507275492	rose	2
1.7688641190046774	2.816824961268906	rose	2
4.295359735656547	4.247259176738561	rose	2
3.2783668883524286	1.9447560797147632	rose	2
4.88586943578733	4.182224927733133	rose	2
4.945913606564126	4.92988640470857	rose	2
4.217343866816383	4.255356635445761	rose	2
3.898068208378787	1.648856490831112	rose	2
3.0924835410953815	4.399157728426971	rose	2
4.470390072014507	0.625692852407477	rose	2
3.851605858564207	3.1214390765620514	rose	2
1.120072834535701	1.9865192464122807	rose	2
5.759115278763906	6.097990321946449	rose	2
1.0878013891220433	2.48139684842051	rose	2
1.660109032380853	3.930326293837712	purple	2
1.4419260305494026	2.024898107242242	purple	2
2.1195032205318194	1.9996361713075497	purple	2
0.7055087097842239	4.965617049364006	purple	2
2.3246810037874446	5.335341366407279	purple	2
2.1738745339263565	5.478990140143175	purple	2
1.7910563535256605	3.0161897276407474	purple	2
6.016760125100411	2.365945525872552	purple	2
2.181309318579552	6.16652409837339	purple	2
4.923544038496669	5.356867442194385	purple	2
3.902577444344627	2.809262623011027	purple	2
5.663316282107925	5.73980489293966	purple	2
5.079509624919211	6.694468438562964	purple	2
4.365018524129817	4.9088863104594145	purple	2
2.360217253070969	3.930896617359935	purple	2
2.8587933052234935	4.929016084927964	purple	2
3.2738652284331575	3.922112686541507	purple	2
5.056757653565933	5.283243039809189	purple	2
6.020486397357319	3.006801799735987	purple	2
4.301668518615673	3.635257241490085	purple	2
3.611294202373348	4.500927075620014	purple	2
5.537609070455508	3.340032056216386	purple	2
4.522932649103274	5.261687585334123	purple	2
2.477606340363726	5.7629523738448505	purple	2
3.9693006441250898	4.253771381433085	purple	2
6.005093793639124	4.477815862948616	purple	2
4.728474045740239	2.9519558728313635	purple	2
6.353767039541941	2.1785490454794605	purple	2
5.597591749281262	4.028892097956945	purple	2
2.7692656275425453	3.977485396856528	purple	2
4.856086230092816	5.8373393436263425	purple	2
4.082764302996933	3.1914514084302974	purple	2
3.5451487037956224	2.1252805881618695	purple	2
5.58491807623488	4.61408251533839	purple	2
4.840740325461995	4.908905542333914	purple	2
3.723134998699947	5.148573285826162	purple	2
4.739596891519077	7.208137183148521	purple	2
4.566960365302945	3.248658429490753	purple	2
5.497581479973947	3.7128827140296745	purple	2
3.7451613177530017	3.9973647143092705	purple	2
4.340887747279375	5.054077032298906	purple	2
5.312026204289137	5.193684430523228	purple	2
2.7133523988979427	4.977054613710351	purple	2
3.2431329295150304	5.356452479898094	purple	2
3.9489997933431127	7.537570219954425	purple	2
4.218730813179617	4.306202202992161	purple	2
3.869678897697468	1.6430397277079893	purple	2
4.317424047539758	2.0155818992406243	purple	2
3.3195273455741012	2.8920394925195216	purple	2
3.8322874817357553	2.504549749887654	purple	2
4.714389719691205	2.7145837003563185	purple	2
4.294198863261085	4.690084614557997	purple	2
3.4388723310819223	5.880933349098078	purple	2
4.937347841230355	5.679954292506345	purple	2
3.9452453015226285	5.125905356186816	purple	2
6.11685956167046	3.7972870330221817	purple	2
5.393356511203656	4.629320959599619	purple	2
4.70497262641938	4.449036436176933	purple	2
2.8465966213824014	5.854997479277859	purple	2
3.959591104309023	4.461749588973773	purple	2
2.527529153559094	3.5823276927747076	purple	2
4.500416463516805	3.9218704103848308	purple	2
3.9703770401979535	4.583221606861212	purple	2
4.2922810737517745	3.63917178709216	purple	2
3.518753515520533	3.930063320462735	purple	2
3.6720029693864924	5.479463576067049	purple	2
4.15067732626468	2.5699915376861293	purple	2
4.489449222254741	3.5058566869035652	purple	2
2.282384250292779	3.3097421166440646	purple	2
3.594945983875978	2.9430616935534757	purple	2
4.782904473650108	3.5340401358118543	purple	2
2.9624418555631467	3.250890889559026	purple	2
3.2042127112085463	3.1174815518963945	purple	2
4.580261894876891	3.608438722707221	purple	2
1.7438326057459301	3.523883449317754	purple	2
3.2946718682255076	3.01023277902694	purple	2
3.457324697526024	2.670759031364086	purple	2
4.072246942093854	5.0430526675309535	purple	2
5.0008922692098805	3.888038430234062	purple	2
2.302924703148148	3.8962777212148803	purple	2
4.664886498168785	3.977149527421747	purple	2
5.539166678718998	4.664530837792341	purple	2
6.447048006116441	1.7446048269551486	purple	2
4.253221428280633	4.993852285210064	purple	2
3.781636691344826	3.921790451692994	purple	2
4.566957604219055	3.052759395492945	purple	2
5.00993593848175	4.12268489585873	purple	2
2.463962972794643	4.855072898148346	purple	2
1.7979612752645346	5.02588053106125	purple	2
4.486454052505561	3.834294499716383	purple	2
3.8256211921021914	5.398176576481644	purple	2
5.273288486599822	3.66171284335722	purple	2
3.4721634288087353	4.433823097443268	purple	2
3.278617433079436	4.5387485576209485	purple	2
4.546270558065734	3.538613045766065	purple	2
3.062991718850313	3.6359385064807968	purple	2
3.826503973848604	3.827685864672582	purple	2
3.7249352296619884	4.88658416067241	purple	2
5.005232924158486	5.532727018182522	purple	2
6.625005474368176	2.6962055279043184	purple	2
3.6507842327331512	5.525268600297018	purple	2
3.8709193037735963	3.8642714385683106	purple	2
3.006475852401158	5.587689616277379	purple	2
3.984837802587406	3.667146149263151	purple	2
4.937651105617348	3.1202715545962203	purple	2
5.39964612184025	3.4879027110153094	purple	2
2.4878923592218958	5.173977186278325	purple	2
3.405401149150432	3.6684586773493915	purple	2
3.778640907970505	4.313501522403488	purple	2
6.578645756991028	5.267644755587523	purple	2
3.9599054996151364	4.191724733159339	purple	2
2.7871214151347212	4.254720730139265	purple	2
4.477347237606881	5.221744218738968	purple	2
4.280476912212192	5.401953577043308	purple	2
3.7679805443992427	3.630615671378231	purple	2
2.3974148355775045	5.639434217026556	purple	2
3.020770848009371	3.035607709758385	purple	2
5.270788265602144	4.280909901989912	purple	2
4.603379451617924	4.085518521155197	purple	2
4.871109974433478	2.9018942823247524	purple	2
4.8383257821502035	2.1588235687667443	purple	2
3.6840363802380014	2.0874609779933744	purple	2
2.8325899441236153	4.642582606922639	purple	2
4.942879326869516	3.139820077654924	purple	2
5.602887283156942	3.7857341979020385	purple	2
3.3391412708321666	0.9188891788811255	purple	2
4.418255121411742	4.1911518128060745	purple	2
4.290088176201324	3.813119001050374	purple	2
4.547304956575327	3.8551921654896315	purple	2
2.0008791284971887	3.6541366176238017	purple	2
3.283066867140596	2.860154567841216	purple	2
2.2271790643168146	3.5509896135856573	purple	2
3.170234288253192	5.549182466951669	purple	2
4.697664329657543	1.8010409252019604	purple	2
2.174830265381212	5.289255479774706	purple	2
2.180616700695391	4.566418961666356	purple	2
4.933110629907023	3.534892125938141	purple	2
3.4349271317730095	2.93512850765532	purple	2
6.1355148985770755	2.488503233215625	purple	2
3.638637596753705	3.4686971871427534	purple	2
2.9989231796335227	3.2968445336242653	purple	2
4.980449841984138	3.160825063756632	purple	2
2.5782137074522256	2.3008908369094643	purple	2
3.0290346986192698	2.5388302579968807	purple	2
4.264633500808631	3.571926640916826	purple	2
3.8958226518872023	3.660661912738825	purple	2
4.265307862389306	4.416062356752408	purple	2
4.7685587012642054	4.658604080330034	purple	2
3.5004954335110368	3.543465347712146	purple	2
5.695721304189979	6.583155043844195	purple	2
4.257080017586563	2.8491330140959867	purple	2
3.8138312553994926	2.837561589246093	purple	2
3.4927563825911445	3.7630672900522666	purple	2
5.688879766291836	5.338067331483526	purple	2
4.387920077815908	3.3790200173031666	purple	2
1.0037201417991155	4.2146097973173635	purple	2
6.720626680915843	3.616715098163616	purple	2
3.6684632442146046	5.3089112867398285	purple	2
2.530363727578372	2.8791176443559108	purple	2
3.5673928716147043	1.78315017489466	purple	2
3.551982873836352	4.329053734904796	purple	2
3.8236821313583738	4.842234489923831	purple	2
4.37155906130824	4.156521471323061	purple	2
4.75441318496228	2.4813309435873947	purple	2
2.604203950461801	4.565353010629838	purple	2
4.465306178575941	7.445601403263668	purple	2
4.7675125965865055	3.9121668292424023	purple	2
3.1161518574271656	5.942552501401174	purple	2
4.656985750416591	3.878264868171125	purple	2
5.084726360678193	5.462604405222285	purple	2
4.667125255106681	5.02385190933281	purple	2
3.3098249291340487	5.1580020457256035	purple	2
2.162185891039565	1.4471120027857909	purple	2
3.392039128019329	2.897191281841755	purple	2
6.988143147284347	4.867974175393804	purple	2
4.501868754168234	3.0585650345422772	purple	2
0.7817221586165468	4.812235284210791	purple	2
6.069068593945406	3.249615693930093	purple	2
4.455559634500776	4.615042450801827	purple	2
3.5131097549025085	5.52328176302508	purple	2
4.409715398834033	3.633034975535445	purple	2
3.796876326554204	4.060689172175997	purple	2
5.22820151963355	4.670325642985572	purple	2
1.485499401206563	4.949939873600572	purple	2
5.033972233016298	2.6487563679838653	purple	2
3.9130831940955977	3.3903719708909295	purple	2
3.9860050626631507	3.8265416685782596	purple	2
2.537665818047137	3.1879556766097963	purple	2
5.0696039427779125	4.932062431554989	purple	2
5.6051021102282	3.464838795849594	purple	2
2.9308139702662404	4.345887177377607	purple	2
4.2766862959606815	-0.29515794505369364	purple	2
4.7658047810945	5.071548238568164	purple	2
2.938266738669435	4.128242302566808	purple	2
3.435703956334472	3.6014210933192055	purple	2
3.627605500873159	2.678434927207425	purple	2
0.7031231192335925	2.625510053262808	purple	2
3.475032121798063	5.10225338775024	purple	2
3.2401355297035126	5.342422949297719	purple	2
4.594697838797973	1.8633774841553117	purple	2
4.340332736249597	3.6033425316539995	purple	2
4.61615204884267	4.303454852644273	purple	2
6.666950013720571	1.6160888035827767	purple	2
4.083863253258893	3.492031658753961	purple	2
4.879411476447075	3.9562635959196517	purple	2
3.5160613243335797	4.467003528671471	purple	2
4.828667560029074	3.4534753711704704	purple	2
4.824140176655218	2.4719051139056876	purple	2
1.3909929931338896	3.3046346294526217	purple	2
3.1162077910767114	3.4486409668893776	purple	2
4.116053392359486	2.3171055646724152	purple	2
5.647065907045539	3.973341502645327	purple	2
6.357247871318032	2.11183502140092	purple	2
4.409861012333516	3.681333727584737	purple	2
2.69281257555655	6.455063782167357	purple	2
4.868755251799732	4.035091519398713	purple	2
2.5017881203533676	3.3801240764471125	purple	2
3.1165450412119116	5.097502630603482	purple	2
3.3305489279286404	2.6447234634581323	purple	2
3.5267309069020705	2.4198677894282254	purple	2
5.790470198717735	2.784732313248993	purple	2
4.221589563220742	3.701363807936877	purple	2
4.3893856274318495	4.227755775543947	purple	2
3.2056587116009085	3.1630136855497453	purple	2
2.0123823347476613	3.5400154427055988	purple	2
3.8897788097323707	3.3783829103577085	purple	2
3.7286540125979943	3.477806245840317	purple	2
0.31806316521900424	4.654682715558826	purple	2
3.305563896976359	2.9526041701216412	purple	2
2.9690841064634617	5.136330263066504	purple	2
2.311675722746319	3.9052491777843956	purple	2
5.147915195230959	4.709519910947662	purple	2
3.251833389220884	5.992731277329561	purple	2
3.8428203296584873	3.0766055045587857	purple	2
3.184034655439649	6.7105302053399285	purple	2
2.823371443787149	1.7888883668043203	purple	2
4.821689654236722	4.433217296839516	purple	2
4.581784659517028	4.872750249517177	purple	2
4.9235058487294365	4.906849388477598	purple	2
3.7359247299603835	2.5496352911435265	purple	2
4.662542614429021	3.2984200051769514	purple	2
2.0853605469908034	2.9874168788602655	purple	2
3.5054794337033797	3.514705422223801	purple	2
4.1462600383720165	2.991164759130452	purple	2
4.543417290110227	7.7106084067919225	purple	2
1.953209222288069	5.350567451459476	purple	2
6.191350979168453	5.768070940235466	purple	2
5.083349097928996	3.581420404461663	purple	2
6.492582044270696	4.705044652030643	purple	2
4.219756971599579	4.249515885894293	purple	2
3.4705143785993844	4.072432692918498	purple	2
2.831260548651991	2.2326089616141056	purple	2
4.180925078572478	5.8795245061696	purple	2
3.349964046777187	5.345027331819198	purple	2
3.951468816297932	5.165981295989484	purple	2
2.7172280897645242	4.984106230151351	purple	2
6.815953661281499	4.417299915341939	purple	2
3.668422350500363	4.841019774658217	purple	2
3.8554933884058524	3.3688699714162293	purple	2
2.974626829043226	4.197156330612011	purple	2
3.6880857462890586	3.800977070606745	purple	2
3.631424062175856	3.1975152345916333	purple	2
4.628137471424352	4.818081949142346	purple	2
4.394477767917351	5.1916969687246555	purple	2
5.7750436193439985	3.53462220660527	purple	2
3.9534723797618225	2.3000610530517887	purple	2
3.652706385567244	2.4877722672433236	purple	2
5.230577679222462	1.620371333397812	purple	2
1.9518213059943839	5.676530799409189	purple	2
2.2640809698061526	4.690382464404405	purple	2
4.545569534802126	4.758892951668405	purple	2
3.2942303370871326	3.4435323267893923	purple	2
2.1818874505281824	2.9684442994249105	purple	2
4.645142927124122	2.1438907388776016	purple	2
6.995209513010891	7.447021649440045	purple	2
3.5423735118691866	3.5955447857140603	purple	2
4.481700220407246	4.063508252198213	purple	2
2.8093870416725966	3.825667701751168	purple	2
3.7417868963884353	3.300287992668275	purple	2
3.6246086187541073	3.247865663996599	purple	2
6.016126248653047	5.920408285300873	purple	2
2.057676504509542	3.3017472672156525	purple	2
2.7162271506676907	3.418993288646633	purple	2
4.878891103604527	1.46710642738228	purple	2
3.242343677961614	4.052778220976031	purple	2
4.293901792593426	3.1316143504375447	purple	2
0.18318937139972435	2.1699923524450346	purple	2
1.462399249117437	5.854351677473343	purple	2
2.2864899191835395	2.7182290512197467	purple	2
3.469804036889016	7.402387727964836	purple	2
4.375534357902241	4.104596632983904	purple	2
3.8005812663847682	3.2665155920902142	purple	2
2.4939725179454104	4.963684478917936	purple	2
2.6839022235903904	2.922767967739448	purple	2
5.478614482098155	4.371128251830436	purple	2
1.9991240619189314	3.78482336097864	purple	2
4.171059698440648	5.817291079179822	purple	2
1.752064205248383	2.4486809101576643	purple	2
5.374445665362682	4.684929086685822	purple	2
5.018569648322268	4.980465433419363	purple	2
3.3151786775075336	4.321551530814491	purple	2
5.112672325784074	2.409338757939624	purple	2
3.2685558388570364	2.496702728311341	purple	2
6.5354414826732	4.538525290598859	purple	2
2.6940351377920955	3.8549681440162122	purple	2
</dataset>
</data>
