<data>
<meta>
<attributes>
<attribute><type>Numerical</type><name>Numerical_1</name></attribute>
<attribute><type>Numerical</type><name>Numerical_2</name></attribute>
<attribute><type>Categorical</type><name>Categorical_1</name></attribute>
</attributes>
<hierarchy>
<Categorical_1 name="color">
<![CDATA[<blue><cyan></cyan></blue><black><brown></brown></black><green><lightgreen></lightgreen><darkgreen></darkgreen></green><pink><rose></rose><purple></purple></pink>]]>
</Categorical_1>
</hierarchy>
</meta>
<class>T</class>
<dataset>
2.8882671157138056	2.202136922558045	brown	0
4.694418686538574	2.064182994750095	brown	0
4.940728891405366	2.1944597770771344	brown	0
1.8610865140395079	2.025987079778211	brown	0
2.836885074523504	2.073126828200724	brown	0
1.4418845496357489	2.127053576827752	brown	0
4.066076796362138	2.0266609206059965	brown	0
3.0432862494626085	1.9648942109310437	brown	0
3.8185446796287073	2.1565919480858278	brown	0
4.4332067443025185	1.671230162284937	brown	0
4.913190871409349	1.7839654050517693	brown	0
3.371728318024809	1.8834753722579989	brown	0
2.23482834069129	2.0278501683077677	brown	0
0.7868533073566688	1.8950355536665147	lightgreen	0
2.3111619193982884	2.032415290827059	lightgreen	0
3.173511227259005	1.7160201120872411	lightgreen	0
1.5093186710501183	2.1704844641442658	lightgreen	0
2.9742777480845772	1.8352090281072417	lightgreen	0
2.72955002494402	2.2803379095393925	lightgreen	0
3.04716883825945	1.8991708235261182	lightgreen	0
3.1622556900282888	2.0905465814699054	lightgreen	0
2.472352309188117	1.7105745001552934	lightgreen	0
3.307640163847224	2.141274662972433	lightgreen	0
3.396779995801271	2.2130120654090657	lightgreen	0
4.945046537061943	1.9005767398354292	lightgreen	0
5.269634911699729	2.199821811962528	lightgreen	0
4.696979586261224	2.089952174407475	lightgreen	0
1.9775219868948275	1.9961516778431805	lightgreen	0
4.989385083864392	2.533368516593835	lightgreen	0
4.70617147607819	1.6552540545414713	lightgreen	0
3.035870378663407	2.1719041143482603	lightgreen	0
2.170248946136238	2.2433590798773073	lightgreen	0
2.9151379985291768	2.3341923413645866	lightgreen	0
1.426698645248865	2.038853812384263	lightgreen	0
3.8491075938073496	2.0309778153206457	lightgreen	0
3.6373975887889385	1.63983773405627	lightgreen	0
3.1332504114648505	2.3343566870861006	lightgreen	0
3.2085964039837997	1.6945099039629317	lightgreen	0
3.058011296587814	1.9093855344165367	lightgreen	0
2.265312339496813	2.1973599855992836	lightgreen	0
3.007565822905462	2.3110306810797843	lightgreen	0
2.1167674911677317	1.9817998259232423	lightgreen	0
2.5253329843610315	2.138719688680061	lightgreen	0
2.602666227777283	1.9164465739691774	lightgreen	0
2.7313851707987924	1.685327669465689	lightgreen	0
3.626668895680573	2.177836252497992	lightgreen	0
2.045534154705477	2.0979053133034515	lightgreen	0
2.618531287919524	1.8322477456798913	lightgreen	0
1.9411593833127643	2.149307277206394	lightgreen	0
0.5243805732470594	2.312599283702012	lightgreen	0
3.6011295003038346	2.247000132815924	lightgreen	0
2.6255115300058414	1.9697283132095507	lightgreen	0
2.7433774284214687	1.7174936515686505	lightgreen	0
2.595663396610813	1.9987078207538358	lightgreen	0
2.9404023551030254	1.9856311501404478	lightgreen	0
3.0272930276056855	2.082329848050831	lightgreen	0
4.514107195473635	1.6960509729033995	lightgreen	0
2.9549162509300375	1.7769185239005612	lightgreen	0
2.6921369104801216	2.108971615640148	lightgreen	0
3.5003757054962854	1.773674970483783	lightgreen	0
1.6341969091729016	1.9378054711533497	lightgreen	0
2.9475491040283015	1.7441493776978292	lightgreen	0
3.1312001682847797	1.8267325748291585	lightgreen	0
2.9146890783195882	2.014692989430966	lightgreen	0
4.079339931429638	1.8412266306322065	lightgreen	0
1.1457478459466013	2.1780789868995303	lightgreen	0
3.337963846145394	1.7649245417163413	lightgreen	0
0.9589178649991328	1.734293443486609	lightgreen	0
3.540928134581332	2.139532315654725	lightgreen	0
2.2548479609822496	1.9681817226001042	lightgreen	0
2.3836278562586437	1.837145772061215	lightgreen	0
1.5793347294843745	1.9699127253132098	lightgreen	0
3.42141337518364	1.90229958384108	lightgreen	0
4.23695966711154	1.9330232872532223	lightgreen	0
1.975695349930899	2.2639777191913186	lightgreen	0
3.754748753994581	1.8134180591194973	lightgreen	0
3.1246576110258664	1.567936974141749	lightgreen	0
3.9165825571529767	1.739805817574028	lightgreen	0
3.4508562296834215	1.9134772370578061	lightgreen	0
3.4726003855048724	2.2674739822698164	lightgreen	0
2.770783738515948	1.7733591816351884	lightgreen	0
2.4299626978962534	2.2536219352918008	lightgreen	0
4.738049941406353	1.9982379896761187	lightgreen	0
2.1106039691913376	1.701734907290155	lightgreen	0
3.556645071910579	1.8914358787561494	darkgreen	0
1.4543885366306952	2.1458430352726303	darkgreen	0
1.7380070960494842	2.617026934142127	darkgreen	0
0.39211246196751137	2.355164324626164	darkgreen	0
4.341208146943215	2.0784693955435865	darkgreen	0
2.4218463279553113	1.554451277494296	darkgreen	0
1.125683226994995	1.850649555922434	darkgreen	0
4.997477870690663	1.9347295442342909	darkgreen	0
3.1596759095553715	1.6786426925676905	darkgreen	0
3.004896609216135	1.9148929221913382	darkgreen	0
3.0493931573534843	1.8164541351550108	darkgreen	0
2.0668976159066266	1.881677763783096	darkgreen	0
2.0793739627080003	1.9031370905456075	darkgreen	0
2.761480111797136	1.8162659446812466	darkgreen	0
2.0210086992262672	1.9081012143100666	darkgreen	0
2.406347428595465	2.033949547802349	darkgreen	0
3.754427789372904	1.5025005842730195	darkgreen	0
2.1308489230705936	1.6181218441795555	darkgreen	0
4.616003097136481	2.07826885295179	darkgreen	0
4.2530712795962415	2.1473650192177334	darkgreen	0
3.839048913476347	1.480100739921415	darkgreen	0
2.9851432136845992	2.0369606932920403	darkgreen	0
1.8541260098792645	2.0115948160355126	darkgreen	0
2.531462507148812	1.483992386000982	darkgreen	0
3.3651256223976453	2.2256605288504057	darkgreen	0
3.0064693798308713	2.1759462526785964	darkgreen	0
4.583888029216897	2.0348886535782	darkgreen	0
2.7857840354599195	1.73328415747363	darkgreen	0
3.156532583547783	2.1586395989325298	darkgreen	0
3.3930711924482924	1.996789062155775	darkgreen	0
1.8279907456832014	1.8689195796387388	darkgreen	0
2.07244267753552	2.3809820166092743	darkgreen	0
3.1625268715390873	1.684925665692413	darkgreen	0
3.4065831893101053	2.1421824322553285	darkgreen	0
1.1292774597790027	2.1785129654520925	darkgreen	0
2.4230576833509225	1.7847680899826592	darkgreen	0
1.4481855891568627	2.4233097212536063	darkgreen	0
2.32365653190418	1.9683810800294967	darkgreen	0
2.380614328403084	2.1961502326303792	darkgreen	0
6.369335693251403	2.306900640111151	darkgreen	0
2.536194826510008	2.2781741885852154	darkgreen	0
3.8644266715134874	1.9037716591724174	darkgreen	0
4.47374234153268	1.6922941126302344	darkgreen	0
4.222429577970836	2.052244889646827	darkgreen	0
4.3630437806536175	2.013098375306917	darkgreen	0
2.9747916013103977	1.8040191870006412	darkgreen	0
2.9192202104918494	2.0014721330835687	darkgreen	0
2.9558919996759445	2.19917251727141	darkgreen	0
2.640413359445185	2.329236419922277	darkgreen	0
4.505052175914333	1.9769153697554422	darkgreen	0
3.7740783094228876	2.18578786718715	darkgreen	0
2.257943681508449	1.6777218938408094	darkgreen	0
4.724217188728598	2.184547742243463	darkgreen	0
3.6422441579060476	1.9767655176547476	darkgreen	0
3.843304565216545	2.1456161671481926	darkgreen	0
1.9825385413219314	1.8933590926633437	darkgreen	0
3.2005462079866964	2.0324246605892324	darkgreen	0
3.855637125834808	2.001779256876572	darkgreen	0
2.8142429721451414	2.0876776660691165	darkgreen	0
2.266476977267786	1.7432612064774937	darkgreen	0
2.0012155786011334	2.1192249179070095	darkgreen	0
3.10066712082831	2.0282451677552116	darkgreen	0
2.9411886977318864	2.27831906384236	darkgreen	0
2.2788335438567158	2.0490873039000177	darkgreen	0
1.2589602991581998	2.0547341461682	darkgreen	0
3.4311356811060447	2.19486720493051	darkgreen	0
3.6953804002630974	2.5074875827711693	darkgreen	0
3.792494821114152	1.7005228522422238	darkgreen	0
4.33023214255566	2.011261611496808	darkgreen	0
2.796007271669175	2.2338082811861195	darkgreen	0
2.954934652709954	1.8473870040973832	darkgreen	0
2.090987622171157	1.753209805225121	darkgreen	0
3.088914942545876	1.618078562373581	darkgreen	0
2.781650131733004	1.8763468677355797	darkgreen	0
2.381415711102468	1.8744124177883195	darkgreen	0
2.7240487119325762	2.0098225127411546	darkgreen	0
2.8371241021127025	1.8166494155631154	darkgreen	0
1.4256862817896838	1.69150117096053	darkgreen	0
2.135339035396693	2.2751753146408826	darkgreen	0
2.8211494257559795	2.0516906089424336	darkgreen	0
4.673623436924017	1.8692412537599847	darkgreen	0
2.5815634688523668	2.110664520412866	darkgreen	0
2.155575384804876	1.9625259991885828	darkgreen	0
3.026125771761682	1.7248993720610655	darkgreen	0
2.6085064430255027	1.845029033150936	darkgreen	0
2.8664516053748406	1.9956772512827459	darkgreen	0
3.266250249699326	2.045764655974407	darkgreen	0
1.5719828099731044	1.6852221206521538	darkgreen	0
3.2293457393087563	1.846676655913679	darkgreen	0
5.275602455680058	1.83868073974672	darkgreen	0
3.8570863432598124	1.6481051265898516	darkgreen	0
3.2852122527652226	2.393309023865757	darkgreen	0
2.403672294620778	2.7586246077195353	darkgreen	0
2.23442483788524	1.969992078067725	darkgreen	0
3.9613669458789795	2.131550409220264	darkgreen	0
2.8441179281871753	2.210925232331279	darkgreen	0
4.509362779410807	1.9460411264566622	darkgreen	0
3.4003890926068423	1.6881928872337162	darkgreen	0
0.7249704839266484	2.0499828588064997	darkgreen	0
1.1760204415661477	1.9221096789449124	darkgreen	0
3.565193599062404	2.0326398264432557	darkgreen	0
2.068305124144166	1.7025182580543623	darkgreen	0
2.7141329385472113	1.8263025201163572	darkgreen	0
4.654764349227804	1.6075541912497429	darkgreen	0
3.0723391386824774	1.741426838428628	darkgreen	0
2.9261589554482064	1.9077797933986846	darkgreen	0
1.9506385821410333	2.154301837046725	darkgreen	0
3.192984887657941	2.0929563260839417	darkgreen	0
2.387880165669341	1.8989878183646522	darkgreen	0
2.77460870830343	2.13306448265059	darkgreen	0
3.579532892870106	2.273835015793375	darkgreen	0
3.5932534623134122	1.6291179394658486	darkgreen	0
1.6493774337288885	1.7744807840295005	darkgreen	0
2.169791970696412	1.8526829138312642	darkgreen	0
1.8448898586845919	1.836200057793756	darkgreen	0
2.4896624728373435	1.8726560193073798	darkgreen	0
3.2467839119313346	2.016496485581028	darkgreen	0
4.722586895085671	1.8059782555033363	darkgreen	0
0.6497368708933671	2.207592448646345	darkgreen	0
2.727642436922368	1.9706324399951973	darkgreen	0
2.6820157816228853	1.8968328551032652	darkgreen	0
3.1315734246671783	2.2001612374616997	darkgreen	0
3.1205895768166556	2.4430609607587557	darkgreen	0
3.454120584357002	1.859259392808879	darkgreen	0
2.963439805152432	1.810352125314322	darkgreen	0
3.3353660652432113	1.46591910158276	darkgreen	0
3.3697895111311413	1.9202679935536273	darkgreen	0
3.545721736421952	2.1757762948719725	darkgreen	0
3.9421287556260323	2.253406811214944	darkgreen	0
3.4418804458997454	1.910190809116787	darkgreen	0
4.220358561838362	2.0405328075232343	darkgreen	0
3.215513935679771	2.0209849652560146	darkgreen	0
6.04172221681481	2.1166889267646756	darkgreen	0
2.405225393736481	1.6533559334749683	darkgreen	0
1.5312645914144565	1.9628605626507363	darkgreen	0
2.15593873528075	1.9827615673264682	darkgreen	0
4.576742940540148	1.7305722424001486	darkgreen	0
3.548549298507986	1.6872662542206514	darkgreen	0
2.205212410127697	1.914820069039123	darkgreen	0
4.268574759303946	2.404288770755944	darkgreen	0
3.2912604852012977	1.9119392042534742	darkgreen	0
2.0926165764837736	2.143258736381997	darkgreen	0
2.4053280190482287	2.28028904710119	darkgreen	0
2.904920768205938	1.7952212494899271	darkgreen	0
2.9324566970362373	2.186092159112115	darkgreen	0
2.8683598900653635	1.8174848188009696	darkgreen	0
3.3016162064068575	1.917998440249119	darkgreen	0
3.40005167206235	2.063751719044877	darkgreen	0
1.9390318842240042	1.8252015760418745	darkgreen	0
1.6023640808292414	1.8733407455459152	darkgreen	0
2.9071930082231403	1.847327078302429	darkgreen	0
1.7998944106632493	2.150216302062203	darkgreen	0
1.9888932692727597	1.7703596751408928	darkgreen	0
1.8988947043589701	2.050023943756228	darkgreen	0
2.0890636216180885	1.9197199404075622	darkgreen	0
3.204705208858493	2.13499645801602	darkgreen	0
1.8333546970036652	2.3526983362739617	darkgreen	0
2.953392027825684	2.285283389198308	darkgreen	0
1.8640434887232202	2.1203705834250197	darkgreen	0
2.1867213212171563	2.1329042642126104	darkgreen	0
3.328275807760879	2.074968406639865	darkgreen	0
2.5962852029568513	1.9967623501414644	darkgreen	0
2.690103613595877	1.4037539056536525	darkgreen	0
3.58997840043409	2.227245105609684	darkgreen	0
5.386307281776113	2.216473714351148	darkgreen	0
3.5580821860689724	2.119178657691536	darkgreen	0
3.4924373946098197	3.6309866435658615	brown	1
1.6596302751183634	3.202149244477572	brown	1
3.424561478156577	3.5853072552625713	brown	1
2.1317902670138413	4.673648882072272	brown	1
1.2996468022165142	3.51571180485192	brown	1
1.8773073954916932	3.910079021900784	brown	1
2.023623975305412	4.697846635859305	brown	1
1.9529117360703583	4.562661706796963	brown	1
1.531169807242196	4.86033620313404	brown	1
1.895617341039702	4.724374653927519	brown	1
1.8404739158576653	3.743386530173999	cyan	1
1.2678138527947005	4.518275421712768	cyan	1
1.5650910295289506	3.7862367455380586	cyan	1
2.3757740651929833	4.510436653780858	cyan	1
1.2554884733931966	3.785866209073425	cyan	1
0.9038863865405902	4.987799294847954	cyan	1
1.4837570167990304	3.8082989711033237	cyan	1
2.3795095440305087	4.63939268790582	cyan	1
2.2449746191837034	4.321475138782758	cyan	1
1.2126653526185445	4.175726807227192	cyan	1
1.3850362082959156	3.8092973555185985	cyan	1
1.0832265815544602	4.318848135095661	cyan	1
2.534844847132984	4.528794126583886	cyan	1
1.7102314625074353	4.426365942651478	cyan	1
2.915206265641022	3.876684032695029	cyan	1
1.0281058476651694	3.9049845161762997	cyan	1
3.260153715771299	4.253096493035555	cyan	1
2.9062280167701626	3.5993109000252907	cyan	1
1.25353743977973	3.827837505132114	cyan	1
2.0601511643557067	4.964809466912228	cyan	1
2.117039245449707	4.256694791498017	cyan	1
1.2008427706439422	3.27423523549986	cyan	1
2.1490846257084866	3.608421493661134	cyan	1
1.5594705883006046	4.856057621364351	cyan	1
2.086214914058417	3.2062103318242725	cyan	1
1.9429269923212655	5.517136381501917	cyan	1
1.5797091563055488	4.805108724074914	cyan	1
3.8002543934109845	3.6253249107010235	cyan	1
2.4873839204780515	4.172551415346935	cyan	1
0.3039697179326224	2.9995599052141664	cyan	1
1.2017409953482743	4.057603739686159	cyan	1
1.6828058586662502	3.752005125682255	cyan	1
1.954732919257975	4.913087183078698	cyan	1
2.639524605934567	5.549480645068333	cyan	1
2.1696710056367072	3.1606140167572017	cyan	1
1.7960098898437789	3.4231140450352395	cyan	1
1.0213185444024553	4.193993501911005	cyan	1
2.4451768084722385	4.008426692942239	cyan	1
1.7059556984174773	4.8807377621286285	cyan	1
1.6449824719377593	4.734127699977466	cyan	1
1.871413533935272	3.65629909392448	cyan	1
2.796294184452064	3.054072934342936	cyan	1
2.267847806275653	4.844762305980134	cyan	1
1.8218984316697238	4.273844990818858	cyan	1
1.9221045985429428	2.70991871780031	cyan	1
2.3475833445236036	4.56244620946491	cyan	1
1.790160656390832	2.4709595671226703	cyan	1
2.4649626367801467	3.55114068718143	cyan	1
1.8656004051331367	3.007781055169503	cyan	1
-0.19615622217295225	4.127551684968195	cyan	1
2.8765199043879384	3.997414012946591	cyan	1
1.1325119843651583	4.324122038527772	cyan	1
1.8588474644872215	4.654804934325538	cyan	1
2.5827466316382224	4.213640777302578	cyan	1
2.331107203205137	4.934716410100222	cyan	1
2.5873411939257895	4.674054714010358	cyan	1
1.9964162185098313	4.911033651441792	cyan	1
1.818833198304929	4.214893646262791	cyan	1
1.602954419355177	3.012678944317249	cyan	1
1.934577593945604	3.3650592279133593	cyan	1
1.6482312426986014	3.108771166370014	cyan	1
1.4112074266697718	4.634494132983155	cyan	1
3.5251856360719	4.102984203525163	cyan	1
1.7119935997126785	3.4183184705060095	cyan	1
1.0697569790340222	4.411499306644537	cyan	1
1.4316167688323758	4.716546443208274	cyan	1
2.5078914887160546	4.172902217305974	cyan	1
0.8159879458778683	4.287242175376749	cyan	1
2.3658473915564877	4.539921430722516	cyan	1
0.9429532099962614	3.701592902891581	cyan	1
1.6152882341778825	3.132532351465656	cyan	1
2.7018216488405837	4.574246617486807	cyan	1
1.7179469395204092	3.4375880840149917	cyan	1
2.31947735224247	4.342290738897338	cyan	1
2.2703689584411775	2.148851420580175	cyan	1
2.0894119887857507	5.255437494631959	cyan	1
2.004168121194454	4.20231206294041	cyan	1
2.5572362048003243	2.9512667121627434	cyan	1
2.711720070616084	3.4275653847115355	cyan	1
1.1403604964960268	4.652440608989773	cyan	1
2.5364532906586508	3.781186818723623	cyan	1
2.772328071929611	3.4182196150686606	cyan	1
0.5976814564230339	4.235872508867384	cyan	1
1.4960205449740922	4.461612841523744	cyan	1
1.0266928904937345	4.526510434183599	cyan	1
2.1937254964113118	3.255279175065106	cyan	1
1.7568584321911669	1.8953231063796165	cyan	1
1.7332834386589313	5.0184168212815194	cyan	1
0.8269745785583191	4.0648378526956455	cyan	1
2.5214579855084196	5.1673995496001774	cyan	1
3.0386119836797336	3.442325442564514	cyan	1
2.4601071745897487	4.237750427520149	cyan	1
3.6950660655416376	4.584924435963181	cyan	1
2.0760492735516616	4.074116830545664	cyan	1
3.8370902296768543	3.008300747861874	cyan	1
0.8750268866715263	3.087717571113937	cyan	1
2.3926066114111437	3.574370774258642	cyan	1
1.478831889789466	4.723563107224108	cyan	1
2.7785817460232547	2.4663013035218833	cyan	1
2.8693054311735358	3.78779319822876	cyan	1
1.40533143256993	4.60990292013981	cyan	1
1.338276267535878	4.033170569881046	cyan	1
1.918802842186296	4.611719851838826	cyan	1
1.5260618006528235	3.1518501970461745	cyan	1
2.168626069587027	4.389348957485687	cyan	1
1.892734230784443	6.143871588002394	cyan	1
1.2424477149454733	4.413083837511622	cyan	1
1.2713240089825617	3.6757895725268	cyan	1
1.4855434220749235	3.7161771450270735	cyan	1
1.207684349690882	4.32189955929249	cyan	1
2.8207652422106673	4.173324815769079	cyan	1
2.5783822272386714	3.413710986008534	cyan	1
1.9895024256301213	3.6646860760629734	cyan	1
0.5372886455934109	3.572310346161565	cyan	1
2.3659704227407254	3.467140837356651	cyan	1
1.885377879461136	4.92884834594766	cyan	1
1.84884147817165	2.7352081965931303	cyan	1
2.4971377041458203	3.683987747636788	cyan	1
0.8472035244435583	3.9178286509869755	cyan	1
3.153448955414076	3.5566169338586833	cyan	1
1.7937692784320138	3.5640461681962323	cyan	1
2.2284574972910445	3.9249945348660025	cyan	1
0.46880450380814187	4.022800273900478	cyan	1
3.437978789643276	4.404552683294942	cyan	1
2.236795271912378	3.009171483232226	cyan	1
2.923881527350226	4.011217126594671	cyan	1
2.8958131395543107	3.439896124532768	cyan	1
2.3025593431455094	3.6844279822970636	cyan	1
1.5235330453678277	3.381983594343356	cyan	1
1.8483579664366199	3.1309245376535957	cyan	1
1.3375510703166793	3.347444083165616	cyan	1
1.7962621928625238	3.8181515293629786	cyan	1
1.512546486471829	3.1934558861222104	cyan	1
2.4273333899591756	4.254677716278313	cyan	1
2.047708735049978	4.633718223135212	cyan	1
2.516454323606099	4.133078506092376	cyan	1
2.1103312655116513	5.317385401316908	cyan	1
0.6248355459623267	3.7353727760411917	cyan	1
1.190497056064116	3.783540881264988	cyan	1
1.837858308147441	3.2399120033488478	cyan	1
1.1962774464788128	3.2730319074434564	cyan	1
1.145994075546748	4.262838706805153	cyan	1
1.9450432083185283	3.152946652005922	cyan	1
1.4658429637572865	4.095698590094593	cyan	1
2.1969011328179393	4.539383873112306	cyan	1
2.974999274961056	2.7809209633572265	cyan	1
2.249985475954841	5.409986120710434	cyan	1
1.6754246700137552	4.087762113368075	cyan	1
0.9840499230816455	3.5268123622712633	cyan	1
1.8688302984406753	3.5210753551470164	cyan	1
1.8359401542533003	3.9640139309632776	cyan	1
2.596170950304135	3.5181654813262977	cyan	1
1.6983141603408467	3.993230381628238	cyan	1
1.4657338383000913	5.198967566726313	cyan	1
1.7738558971878637	2.9913315088865797	cyan	1
1.4305631268819181	4.483161526381828	cyan	1
1.3573717132497585	5.061177854658523	cyan	1
2.5649917714077564	3.3463543125315733	cyan	1
2.4277461538823237	3.511061969694064	cyan	1
1.1613942964343484	4.481938493660467	cyan	1
0.9546209363677987	3.0102651889266077	cyan	1
1.7627401224354349	3.5439108671348354	cyan	1
2.2825973549182392	3.5894358858122377	cyan	1
1.1537198148363728	4.584507413130284	cyan	1
1.6481001712588708	3.173390101175734	cyan	1
0.880983700389254	4.528114753479107	cyan	1
1.3009052799458183	3.8888408474249596	cyan	1
3.0016506356785317	4.574089127477274	cyan	1
1.5355532821735582	4.179730690161382	cyan	1
1.459746144912073	4.876210050426492	cyan	1
3.001846255794529	3.9737228689974344	cyan	1
1.8243639712254835	3.737872367092162	cyan	1
1.670465036607884	3.6252337983417617	cyan	1
3.2960189524559915	4.765294217549509	cyan	1
1.890675011953322	3.0363763135922524	cyan	1
2.1459932512375555	3.715621249654136	cyan	1
1.814868948733356	3.6122160736459143	cyan	1
1.1435305522057226	3.268863713886428	cyan	1
2.0878927467924755	3.418117613940151	cyan	1
2.721299176225513	3.672492610817528	cyan	1
1.1375221141765723	3.9753210654582056	cyan	1
1.6508057308200785	4.006924951521368	cyan	1
1.5739630841182084	3.962243496901228	cyan	1
2.15987648842652	3.5164327759392036	cyan	1
1.8358361671806689	3.8233745686448763	cyan	1
1.9935926352268076	3.3720667086428784	cyan	1
1.3940019519866285	5.110224256090578	cyan	1
1.163452220144649	3.981328327365784	cyan	1
2.603034664536152	2.884707594776722	cyan	1
1.6313205422599384	4.127079252958729	cyan	1
4.62675993101991	3.390756344603866	brown	2
3.836592394917759	4.823864030246717	brown	2
2.9708835300714007	5.166115031457915	brown	2
4.424063986526894	4.406505491213773	brown	2
3.2854433224080832	3.381955443507287	brown	2
4.682147257771661	3.978412886653255	brown	2
5.34412894266055	3.356487772850452	brown	2
3.6269494180814044	3.9745554063986286	brown	2
4.013459513964388	4.728021643851488	brown	2
5.300461151038011	3.021093090231693	brown	2
3.049983004069975	5.0145670760562036	brown	2
2.9303100048016795	4.6916872024580005	brown	2
3.0065885828376304	4.295509566764661	brown	2
5.103991285598811	4.752262858967885	brown	2
4.561914001975299	3.677974155208946	brown	2
3.9038425979773783	3.4834459944005864	brown	2
3.69505652324345	3.926689878737363	brown	2
3.9446264757567353	4.704912345756444	brown	2
4.032605290484943	3.732014111858729	brown	2
4.145249124660927	3.696306930976826	brown	2
4.412337283488258	4.077376263434245	brown	2
3.5866282266435388	4.493820532810531	brown	2
2.1366015004168366	4.411095595673187	brown	2
3.388251336018884	3.4847260332129255	brown	2
4.780627165132798	4.298575176354881	brown	2
4.871029664064412	4.665500269022646	brown	2
5.307344546868034	2.9808877265812455	brown	2
3.9945933331343757	3.6158033091777484	brown	2
3.184007115724177	3.8781026018752547	brown	2
4.636146136515314	3.2846005790052692	brown	2
3.790396708986611	2.977691520219979	rose	2
3.0871301210946225	4.254775075468184	rose	2
4.665412387606246	2.776846204428182	rose	2
4.977452084344345	3.6768546036304266	rose	2
4.88882929675112	4.730528249453792	rose	2
4.567817236181275	4.560396129596096	rose	2
4.209398031412828	4.074831028196262	rose	2
3.5514503209245043	4.108396052230184	rose	2
2.481565668747078	5.226762433546121	rose	2
3.4220335993633104	3.7152006712510874	rose	2
3.5252513867143693	3.96023671962536	rose	2
3.484797672472202	4.434676942484909	rose	2
4.485729669247537	3.4260620926816627	rose	2
4.036375748550058	3.812219675392895	rose	2
3.5614620764498506	3.949010853060824	rose	2
3.584264888236695	3.936129890179584	rose	2
4.343743477199856	3.853059969124592	rose	2
3.021019207688717	3.527866155134782	rose	2
6.171931185577099	4.008915142077004	rose	2
4.864793717692695	3.00455289864267	rose	2
5.239760348016549	3.9500106514559064	rose	2
2.603709375059476	3.9767369734025872	rose	2
4.865753931830749	4.416839289032746	rose	2
3.6019421086669	3.7370432136719436	rose	2
2.7364390573427966	3.601750898218503	rose	2
3.4243646265592287	5.400589143584044	rose	2
4.315692497697007	4.423046876959372	rose	2
4.801622748780551	4.577696066146746	rose	2
2.897472175333711	4.072032045664847	rose	2
4.067249633590227	4.3007841828827695	rose	2
4.221990663257683	3.9935016273670993	rose	2
3.4457013922912543	4.261240852585047	rose	2
4.043855138365731	4.010599831479075	rose	2
3.9587251671269206	4.083489717185319	rose	2
4.909828482366534	4.214591989458394	rose	2
5.010143910020961	4.657647569368205	rose	2
3.989402570808901	4.260439760698948	rose	2
5.770552341472582	4.264832727059726	rose	2
3.818766522099036	4.231880920987378	rose	2
3.8886007686634	3.0847843789137963	rose	2
5.293908136047131	4.305314991609373	rose	2
2.600982555907432	3.9201834234602435	rose	2
3.348368792823219	4.64709718385531	rose	2
4.450993726972632	4.586635590282943	rose	2
4.581861128186032	3.748836569197743	rose	2
4.320472817002409	5.164402749011595	rose	2
3.8184776777009266	2.806116939546796	rose	2
3.5259784944824943	3.462094485824539	rose	2
4.464402907295319	3.8829562735458087	rose	2
4.240199557581843	4.327281880957488	rose	2
3.724918850813075	4.649714021748138	rose	2
4.327245534911612	3.7092569446389514	rose	2
2.6480897858644603	4.632707522566307	rose	2
3.138359975997807	4.285673826891067	rose	2
3.730459527523654	1.891041184175768	rose	2
3.537039476039554	3.6248649516052938	rose	2
3.1230469369011225	4.070903593875976	rose	2
4.141723889677469	4.086420589509485	rose	2
4.187788251810985	3.4455711449032957	rose	2
4.5335654226283975	4.568049102127209	rose	2
5.465537974238444	4.8127482005218845	rose	2
4.29267090866187	4.340211862871069	rose	2
4.984921592169342	4.036573155727382	rose	2
3.297217956863502	4.350547568945223	rose	2
2.5572670208491046	3.1283002097112806	rose	2
3.7443354133796354	2.816714442153741	rose	2
3.3945535173844807	4.17863146290615	rose	2
4.396161651606424	5.222238478317845	rose	2
4.1625130771418295	3.62089488771724	rose	2
3.512124659605878	3.9328030368854523	rose	2
4.244908329190833	4.32594038858264	rose	2
3.810312535317951	5.525553034955031	rose	2
3.198700403837856	4.325951604286201	rose	2
4.0700901866725205	3.875427825991166	rose	2
3.423195757876516	4.038978007086059	rose	2
4.515259098678116	4.092148645984802	rose	2
3.2236487634742717	4.219012447633055	rose	2
3.1388790739994996	5.425470359074129	rose	2
5.43359990028076	5.273063669661252	rose	2
5.038311929011266	4.405040341080724	rose	2
2.8719703864985657	3.669600094191011	rose	2
3.8958412013650925	4.275744181869287	rose	2
3.8949826995699275	4.42420253257057	rose	2
4.77357702268492	4.125798056482045	rose	2
2.819874044480165	3.0896775685290363	rose	2
4.306343163009805	5.677532804605918	rose	2
2.384690552745234	4.181709752745079	rose	2
4.248355201655481	4.515100440793554	rose	2
3.128953162862311	3.2733477979183476	rose	2
3.399386458024904	3.9122036295364793	rose	2
4.817933367913348	4.566095502288155	rose	2
2.8588918927540066	3.6623575241159916	rose	2
5.014030150117518	4.288840301889752	rose	2
5.067534727732974	4.495679377106161	rose	2
2.9577781555411518	4.960963785659705	rose	2
3.60454323056639	5.041387520225719	rose	2
4.230073461047848	4.696407915470781	rose	2
2.215727195291246	2.935598296647885	rose	2
4.957255939206044	4.4016684507049915	rose	2
4.540636238916045	4.356018120310613	rose	2
3.105124688313662	3.80383073638465	rose	2
3.845938938160301	3.192630970697536	rose	2
2.6883557109141725	4.786120868742919	rose	2
3.9345606430216913	4.392429658820158	rose	2
5.323529667390678	5.682628700400423	rose	2
4.996086340495189	4.786077619759623	rose	2
4.353059734394206	5.502981646517879	rose	2
3.1635046886598	4.424763400362271	rose	2
3.05038372808251	3.2776912176105695	rose	2
3.4495064763637275	4.721308514698775	rose	2
3.927222428814805	4.82561108797807	rose	2
3.530130976671857	4.5776212587908764	rose	2
4.942676249587789	4.542763510844736	rose	2
5.086393088192536	3.971509487383468	rose	2
3.1005662035160846	3.2706427979288493	rose	2
3.6358540679518137	5.348579327880841	rose	2
4.64386842659501	3.7521062817112116	rose	2
3.917810781950772	3.1525127776585395	rose	2
2.8514233032980156	2.61175692963366	rose	2
5.169730331093433	4.044628993002655	rose	2
4.393368905313696	3.5615937567462455	rose	2
4.2663061813747865	4.973857147435292	rose	2
4.558793164608857	4.012935487333711	rose	2
3.9285729212380573	4.4003362155604835	rose	2
4.23430736407158	5.122344842545521	rose	2
3.424307474658876	4.2599037113486045	rose	2
4.174320260979288	2.407368385017258	rose	2
3.690268573076377	3.606805912653275	rose	2
3.4068496514180073	4.026926301127603	rose	2
4.43351633996655	3.8895201412223344	rose	2
3.78176258011369	3.5565313821923774	rose	2
4.541713314807632	3.905698410786072	rose	2
3.9795277389316985	3.123525834843971	rose	2
4.563264928431474	5.546791096556483	rose	2
4.864404840071931	5.295051601998061	rose	2
3.720650475486959	4.972429943688531	rose	2
3.2244713894958217	3.6145918330397033	rose	2
4.800121765660693	4.187056237586136	rose	2
3.925333314243394	4.511837029294446	rose	2
4.281164232648386	3.809736660969222	rose	2
4.848122845539606	4.423193009327574	rose	2
5.0159016796785	3.520039750581017	rose	2
3.9786850655309336	3.9369951257220124	rose	2
3.102473305147334	4.011851949290847	rose	2
4.260903643947633	4.30599449060352	rose	2
4.957202567538346	4.599933886266362	rose	2
5.210465072877476	3.405120022396675	rose	2
4.130102173229849	3.60244879233619	rose	2
4.273239357546668	4.536968531460067	rose	2
5.045618535799875	3.6776670390789548	rose	2
3.969582911822604	2.5253328183471773	rose	2
3.6587868638897025	4.724804155023503	rose	2
3.9197823109493384	4.010451900424777	rose	2
3.8190526452887013	4.766189227923532	rose	2
4.1976888671005606	4.202107437632173	rose	2
3.613562807718126	4.054910454562577	rose	2
2.6841140682087445	3.7528093231110007	rose	2
3.533886304118624	4.057588404372954	rose	2
4.361155537612019	5.122726604784816	rose	2
3.259273226731123	4.135003123047964	rose	2
3.762640052009462	4.887535523586139	rose	2
5.778978432557602	4.01868394833233	rose	2
2.8612081299931575	3.4765450152287882	rose	2
4.950484208163214	4.191969905395528	rose	2
3.8992511102106984	4.640566545127298	rose	2
3.973236080373358	3.439763900737067	rose	2
3.2134478707819882	3.042603785217094	rose	2
5.096372129227031	2.521582143203746	rose	2
3.5961487934371315	2.5983653171442462	rose	2
4.341401980042217	4.868630864785223	rose	2
5.110476244854615	2.652735053879474	rose	2
3.1093445872751766	4.3101441861797305	rose	2
4.168417859924958	4.110259667883143	rose	2
3.4932392783793595	4.168109091903691	rose	2
4.254130904080321	4.066496031542459	rose	2
4.311568457507128	4.224959366459716	rose	2
3.2850832173542748	3.792726855818623	rose	2
3.0166746469758374	3.5587989883924487	rose	2
3.5124352359634057	4.067238788111314	rose	2
3.425184881024015	3.462988377636279	rose	2
4.978349555780363	4.395748010150965	rose	2
4.473940121213831	3.3215278855247043	rose	2
3.9962829471891914	5.943394856054287	rose	2
3.0774681874941305	3.2340378515594654	rose	2
3.599610516128559	4.39473875899694	rose	2
2.4440978232515453	3.5977059958994406	rose	2
2.675745223211676	4.53916196403843	rose	2
3.4722452616529123	3.1807522981534264	rose	2
5.279648997551763	3.7587896333088877	rose	2
3.471798875549706	3.9376697332943564	rose	2
3.562421815836131	3.780416059403023	rose	2
4.536885964761715	4.050657270012895	rose	2
3.899396453626795	4.3707410404517155	rose	2
3.316182449559219	4.741204079852412	rose	2
3.666987339003544	3.9841264397437195	rose	2
1.352319334626241	4.237221197922596	rose	2
3.7127981890509867	4.720584282939969	rose	2
4.316249470611397	3.67829002683194	rose	2
4.079237425110769	3.193871243505142	rose	2
5.384409305827064	4.814684343507943	rose	2
4.095801450117212	4.974598297974945	rose	2
4.952714691979048	3.1454900018361953	rose	2
3.896848649029469	4.146970444863789	rose	2
3.516524176473096	3.5847804291957983	rose	2
4.0767990831337	2.374863970704382	rose	2
3.9932786616409506	4.817748935976514	rose	2
3.5225306542690413	3.5623665041289017	rose	2
3.857196817496709	4.092769301182888	rose	2
4.822912067448341	4.483596053952492	rose	2
3.692961454977859	3.54914674657904	rose	2
3.6209389175486564	3.55550638915521	rose	2
3.1672547472262096	3.54095246254137	rose	2
4.73177343037597	2.9319250794917924	rose	2
3.6937185983733545	4.292464136623234	rose	2
5.852106209653465	3.7190233466543803	rose	2
3.7652428026958225	4.24041985297469	rose	2
4.514553049138671	3.757875455993347	rose	2
2.76384224877199	4.961285775946477	rose	2
3.3210769384940018	3.3998469121344215	rose	2
4.114885847629265	4.111419890475322	rose	2
4.024616974102538	3.88979081049773	rose	2
4.15952189823187	3.5752541207979323	rose	2
4.46722493512964	3.9691397858652464	rose	2
3.604118965825986	3.736401738023955	rose	2
3.6610783134120077	4.45078052060517	rose	2
3.28265486065846	3.647761465427183	rose	2
5.083963673768481	4.49830862512482	rose	2
3.666629880361325	3.208271387537149	rose	2
5.13914250492804	3.7021340190417873	rose	2
3.7597431830592805	3.248114012271502	purple	2
4.722366272292015	3.0852557544383563	purple	2
4.664363536911829	3.5606620359073036	purple	2
4.426390682053289	4.034903442595871	purple	2
3.9783093965039873	4.424812166687917	purple	2
3.7366178224964055	4.802966730859045	purple	2
2.7389266816192803	5.209175132735134	purple	2
3.9924738759224034	4.345952969947444	purple	2
3.057044712271869	4.332797000580664	purple	2
3.981255938912902	3.6931841802021053	purple	2
3.981261655558369	4.839851633548837	purple	2
4.314870514364839	3.9159479846793643	purple	2
4.228092905946724	4.165169315996552	purple	2
2.200281937109682	3.919993953220911	purple	2
3.896539726091443	4.319531371141812	purple	2
3.8100923939032745	4.250479426882111	purple	2
3.473909390506025	4.241874782707522	purple	2
4.5772668914558166	4.729221893060129	purple	2
3.4913838948624933	3.835148509059598	purple	2
4.679193188306424	4.138030881072917	purple	2
4.0092924863377775	4.051967374675677	purple	2
3.4918454993175585	3.9992498535517904	purple	2
4.130820926648081	4.406197987243344	purple	2
4.5045417270426125	4.270659852990635	purple	2
4.487987637281081	3.6720744040149147	purple	2
4.208349703973563	3.3488273196450953	purple	2
2.6067809171201777	3.6562747148933488	purple	2
5.870224214325537	3.846937046913885	purple	2
4.092402835974274	4.102766583036304	purple	2
4.359517565041556	4.861962192462965	purple	2
4.654767778899343	3.409032711120089	purple	2
2.3431629759353596	5.028533821559616	purple	2
5.9537002243835175	2.6745093990901188	purple	2
5.165857750928219	5.200636918482876	purple	2
4.951494403998083	4.550000153998232	purple	2
3.6118433943646213	3.6961256232817084	purple	2
4.194040893496227	4.349545173660815	purple	2
2.5666427548092976	3.9132062364879494	purple	2
4.479446679226762	5.31673085250376	purple	2
3.390734327843461	3.0211168832415605	purple	2
4.559959042151543	4.920154550644909	purple	2
2.7165464891955025	2.991847229615952	purple	2
4.432693603922416	5.060660966645543	purple	2
3.71362115380743	4.354310822080623	purple	2
3.4027592600554355	3.5578655599934557	purple	2
4.846885248382939	5.016243003320082	purple	2
5.431802832409446	4.066013905984421	purple	2
5.5162428765945295	5.625035826495732	purple	2
4.434163399343445	4.383592493670652	purple	2
4.509287773122061	4.206268708562795	purple	2
3.5672923592644605	4.619530540237331	purple	2
3.2340625365068796	4.9546831190800145	purple	2
4.060992078694522	3.4054604894728593	purple	2
3.1029630252292235	5.220170534870595	purple	2
3.8922129331793798	3.111411757254381	purple	2
4.574163762486167	5.49100813506732	purple	2
4.702073676514267	3.6878914439004156	purple	2
2.128886990107058	4.095753901975263	purple	2
4.360267718384835	4.372230254909648	purple	2
3.441077627096762	4.063495614173885	purple	2
4.5799034316106075	3.490343342598862	purple	2
5.342622766967121	6.032305912622277	purple	2
4.0417051398452974	3.1513703729717846	purple	2
4.800879699670541	4.701975765864561	purple	2
3.4179803905697304	4.6938376080443565	purple	2
3.9880256086576478	2.4932026646831655	purple	2
4.613951475941864	4.621199866912299	purple	2
3.7431446606940706	2.1649357168413284	purple	2
4.81016777095992	2.7533503240088875	purple	2
4.491404720305202	4.462245110400682	purple	2
3.853325829051766	4.740980352371998	purple	2
3.470615005066649	3.896680986883266	purple	2
3.7925960475928777	4.096218659085287	purple	2
3.067355521843225	3.8213722140114252	purple	2
3.6473229061209795	3.96792241807873	purple	2
4.68714274728438	4.368778909529888	purple	2
4.36503905670205	4.380050192837508	purple	2
4.5987202988486136	3.813985379012553	purple	2
2.2096816674165267	3.585845807284766	purple	2
4.138547461543383	3.2575904932497437	purple	2
4.01498550219495	5.045282885832609	purple	2
2.2515881418883947	4.215973426563341	purple	2
4.247008031387317	4.644918856903781	purple	2
3.5321870224898944	4.160305390974736	purple	2
3.947622942035698	3.1800156230562644	purple	2
3.3523046025569294	3.777847225196056	purple	2
5.038782353231334	4.730153881633462	purple	2
4.920789115476313	4.202634564285512	purple	2
3.6289881568557263	4.023743837189029	purple	2
4.283568099619543	4.006922018567259	purple	2
5.19536332896061	4.520850373794829	purple	2
4.6133069970564495	3.4818623196593403	purple	2
3.512533577435544	3.253514378145515	purple	2
3.2084269615163477	3.80891982886712	purple	2
4.4293546324090265	3.7537164095639115	purple	2
4.214193104823807	3.581016418625736	purple	2
3.684826085650061	4.541531312226756	purple	2
3.2633220451234437	3.481453613598213	purple	2
3.7002608034796394	5.5334066414759295	purple	2
4.911341880907364	3.0244213818221657	purple	2
4.207102097628079	3.9302190242861594	purple	2
4.21970201131706	4.693955512383182	purple	2
2.607017554132753	3.6816079113000697	purple	2
3.553264454863108	3.3846798415175363	purple	2
3.966235304468609	3.983502485177673	purple	2
4.855580742687713	5.2910421364731715	purple	2
3.1728012134061383	3.2220858366603977	purple	2
4.61497217782842	4.136076138726464	purple	2
4.368635433647736	4.5874898955058905	purple	2
4.445180190241314	4.058036985422291	purple	2
3.8870289170841006	4.339606736312451	purple	2
3.7441838287240596	4.473951222650389	purple	2
4.744496505337766	3.178048883055	purple	2
4.509578038123471	3.165685730091629	purple	2
4.269309873747734	4.847706228792011	purple	2
4.676361231624246	3.6894744417178598	purple	2
4.455781131280341	4.010129264014341	purple	2
4.359347332510488	4.114670500187662	purple	2
3.4075022009273663	4.4141362618443845	purple	2
3.987160402721994	3.822927502655903	purple	2
3.4838695119905685	5.274772998092795	purple	2
3.50007126238597	3.3935619296979054	purple	2
1.8039066980193295	3.4458781528238154	purple	2
3.142483079471627	4.2392823720632835	purple	2
3.566123427816719	4.23837173611043	purple	2
3.3101999098320496	4.330798092475537	purple	2
4.181256188017349	2.7175968197981875	purple	2
2.857334276973615	4.976850860449141	purple	2
3.991239768892886	3.2309854504894746	purple	2
4.176951405336588	4.649380877351175	purple	2
4.089762199681194	3.648409813712735	purple	2
3.485521744642745	3.1478252849020167	purple	2
3.9073269272694393	3.39197098628653	purple	2
4.762968644895866	3.703953598827222	purple	2
4.010786686743716	3.621783277817448	purple	2
2.9708609578503147	4.239157400935939	purple	2
4.567631933890568	3.3763435393186323	purple	2
3.7340682525115776	3.1608458369353154	purple	2
4.157835973316799	3.9739822278334724	purple	2
5.169721227799917	3.234560956915516	purple	2
3.950114450957254	3.990899772861365	purple	2
4.640372949844675	4.369186713016527	purple	2
5.223683492617086	2.6550376256717483	purple	2
3.907629756274326	3.9941763054388124	purple	2
4.108588450319583	2.4073867243527127	purple	2
3.5632585376818593	4.462380893448828	purple	2
2.923411111847928	4.004444758233011	purple	2
4.642955523585151	4.279202303647872	purple	2
4.745496385053642	4.812064155355874	purple	2
3.204988755342708	3.8893417842548987	purple	2
4.411409697308108	2.344819654633943	purple	2
3.7237372519649083	3.0235662004701576	purple	2
4.497249351163087	3.6486866433940315	purple	2
4.656166247943994	4.10750563021799	purple	2
3.2627005134507243	4.055805339023241	purple	2
3.211675643288374	3.198358788383073	purple	2
5.055397843134297	3.781218507261584	purple	2
4.527163959402259	3.7502403732299903	purple	2
4.196561769440564	3.4004003194715393	purple	2
4.339363819419263	4.086636569431079	purple	2
3.734617775209483	5.232714683746427	purple	2
4.703139257987157	4.348499421050486	purple	2
3.0749379382715567	4.576716482939944	purple	2
4.5000986006146535	3.1108613255310384	purple	2
4.206656076617647	4.221430554005151	purple	2
3.4043468147112623	4.974919124110325	purple	2
3.7366843822846243	4.471662362651163	purple	2
3.852038438384246	4.170541007083618	purple	2
4.079784829030941	4.256275120865039	purple	2
3.330280427217481	3.654120665213662	purple	2
2.619117405602836	4.2414475997426635	purple	2
4.546971775415355	4.91177323838808	purple	2
4.527208773353215	3.7238947970403617	purple	2
4.7601046350777425	3.7543092042195667	purple	2
3.6176212187735586	4.263559773305583	purple	2
4.434350179687762	3.668148511950113	purple	2
4.516778980329744	2.631613485669906	purple	2
4.9514831805953605	4.186208894222185	purple	2
4.290139805081501	4.286084391514934	purple	2
4.687193565250547	3.2390775069199953	purple	2
3.4276116546564706	5.487518510649782	purple	2
3.1804538488472067	4.203009532494348	purple	2
4.925026574920883	3.887449569999119	purple	2
3.203516466745145	4.6983034941617285	purple	2
4.727875012464407	3.159866019767181	purple	2
3.968579873277508	4.656517996172215	purple	2
3.962832783443286	3.7293459971811793	purple	2
4.599147748703287	4.355082112411748	purple	2
4.1466453820659845	4.2700845533373	purple	2
4.520001232782007	3.4206038248462187	purple	2
5.436706505327992	3.8197039482459387	purple	2
4.646320658766648	4.503872256840131	purple	2
3.1495997721672797	4.200429737719328	purple	2
3.141972524108598	4.836074826167145	purple	2
2.8837668344340868	3.912788380215001	purple	2
3.9206989446347222	3.515968565093018	purple	2
4.362418570407915	3.6993130763366397	purple	2
3.5227775412242703	3.7285702641138685	purple	2
3.617472621109353	2.8107823199647766	purple	2
4.443655368558907	3.811398257769131	purple	2
3.7988661754990978	4.083127665346452	purple	2
3.9366937981393133	3.7044024661424433	purple	2
3.956570964292288	4.563708593733575	purple	2
4.742912879685548	5.089960413089566	purple	2
3.5845893538232527	5.643379220124084	purple	2
3.6820777197146994	5.13721115986754	purple	2
3.0864136636542563	3.471606994550374	purple	2
4.201926974256171	2.8074457292150705	purple	2
2.656803579400878	3.3161992328141134	purple	2
4.003576836984074	4.393968239845695	purple	2
2.7147302003194884	4.310896805454291	purple	2
2.9820783984118537	4.146666430170992	purple	2
5.469656823318406	5.515267348209433	purple	2
5.068493977779089	3.746277399619692	purple	2
4.513905340561522	2.8913771070457948	purple	2
5.082813853759038	4.255445470427369	purple	2
3.8346426736343804	3.87478528551472	purple	2
4.003028834941844	3.971002414238773	purple	2
3.3084433982617516	3.7730605283868353	purple	2
5.715423057366233	4.727106509289381	purple	2
3.7563235286432257	2.6242321419663526	purple	2
4.5749376818445056	2.504672109247897	purple	2
5.044160532550545	3.3562456277766746	purple	2
3.9792545909749153	4.134027982924802	purple	2
4.154865338875198	4.054790230112371	purple	2
2.914755928227035	3.718675437740795	purple	2
4.090303259186398	3.694821172143109	purple	2
3.810267213070792	3.3308008930773343	purple	2
3.815461941530515	4.054676583137609	purple	2
4.142006006813285	3.9187243468488524	purple	2
3.9895956086765003	3.9236303477917716	purple	2
4.3128218206635776	3.567087817345332	purple	2
3.678515467942412	4.206654528566223	purple	2
4.061091010193932	4.38492496932535	purple	2
4.169938311863037	3.7771720647257307	purple	2
3.410801655342251	4.502192557550874	purple	2
4.593304214117331	3.663292607231905	purple	2
3.863411984448388	4.401261219293787	purple	2
2.764614894796121	4.381389013676417	purple	2
4.499734668158189	4.335361496932822	purple	2
4.4071884636192085	3.967216187341141	purple	2
2.819336014279078	3.7081287739421294	purple	2
3.5245063944224637	4.602597889061779	purple	2
4.633657905221928	4.012888014529376	purple	2
3.0147407459105118	3.891252648797154	purple	2
4.637406734847255	3.7901998398102563	purple	2
3.482413762030923	3.7182736450095915	purple	2
5.062945237747847	4.72667930789744	purple	2
3.982044284469313	3.780013490009815	purple	2
3.397892431551953	4.840116563433105	purple	2
4.2235142969599115	4.4450727544051345	purple	2
4.479401208102942	3.57744601474252	purple	2
4.125154560335186	3.9562935523531113	purple	2
3.1468719334723376	2.8855940131234754	purple	2
4.211194671031932	3.5971522502712556	purple	2
4.8731140078690505	4.392276772594553	purple	2
4.896059045636692	5.552526817885245	purple	2
4.440527610299364	2.863597517924335	purple	2
3.2117879039247064	4.940195355735237	purple	2
3.776217954874668	3.968062622841468	purple	2
3.3949305601508475	3.4237187103206974	purple	2
3.786491501046502	3.6821850454674956	purple	2
3.9312119025314947	3.068026977561726	purple	2
3.2498583106664283	4.271192531816445	purple	2
3.378735971712604	2.392396539208015	purple	2
4.53725290596507	4.0555970545984925	purple	2
2.3280450290110233	3.869230805473072	purple	2
4.626088439211557	4.628366588358637	purple	2
4.1490745854846764	4.674598728222218	purple	2
3.0509083096937752	4.072677982419782	purple	2
2.582477008699864	4.356717539122911	purple	2
4.633402037564211	3.7498278605720667	purple	2
3.995552847943475	3.188228949694877	purple	2
3.6956764872775487	3.689758331415433	purple	2
3.2590626484180545	3.3032696621312208	purple	2
4.152565818043986	4.827501015375272	purple	2
3.8682688355549844	4.663273415518102	purple	2
4.322958478466596	4.843191257506347	purple	2
4.4271200408008	5.086273381420272	purple	2
4.641405916982071	3.6625258210171068	purple	2
3.4232750679943242	5.152442878103402	purple	2
4.282678854077512	3.4034222749485155	purple	2
3.068924762154661	4.052675927257218	purple	2
4.983814509871341	3.305786314355237	purple	2
4.946080898300567	3.7935397738143752	purple	2
4.20162701896132	3.2522361567171227	purple	2
4.982804893264511	4.5643755416720575	purple	2
2.9299959156639233	3.182564346341704	purple	2
3.846541399009575	3.6948360302236862	purple	2
3.927586506023435	4.2578108568543955	purple	2
4.287546584096392	4.049299450565167	purple	2
4.40884097727262	3.972753206824531	purple	2
3.5933170679235023	3.493552825148394	purple	2
4.360421813297005	4.6857821273083875	purple	2
3.884539359024574	5.1277191632248655	purple	2
3.9795871417698074	5.306006212039437	purple	2
4.566361620500839	5.050289314565255	purple	2
4.529473782475974	4.169679906570978	purple	2
3.422616547336065	4.123910926741224	purple	2
4.499080549794194	3.8628020918099497	purple	2
4.56575036264505	3.807690010438828	purple	2
2.6180241875433934	4.50263058184582	purple	2
4.5878768534476215	3.770699380707613	purple	2
3.402471838236092	3.433093679589967	purple	2
3.7436125866099146	4.21977958221031	purple	2
4.521677375766766	4.588246520951413	purple	2
3.301561944792122	2.7283712965135	purple	2
3.602650783382294	4.032998643341798	purple	2
3.8239759523620713	4.703878493601509	purple	2
4.002978287809306	3.1539607928271503	purple	2
4.047530502551095	3.6976262456891855	purple	2
3.7827161688685234	2.5830276345674843	purple	2
4.148776829873694	3.83556721622913	purple	2
5.301379433186916	3.08156312683919	purple	2
4.152569566102997	4.019249414763113	purple	2
4.145185717895065	4.395003242912826	purple	2
3.3918182530989043	2.0497126813095266	purple	2
4.449228335242641	2.318652275481317	purple	2
3.5535487721835723	4.666787052964235	purple	2
3.662711129339094	4.046498704439072	purple	2
4.508874678484261	3.5838442570981086	purple	2
4.694462443089929	3.8747355366483407	purple	2
5.365985183511425	3.744792168829201	purple	2
4.528348443821411	4.197486436125793	purple	2
3.7448028800329114	3.946045489842735	purple	2
3.7366887255710632	4.096108802615258	purple	2
5.037433881362426	4.578142675791099	purple	2
3.7713447961962574	2.2674356238967968	purple	2
4.419652657179189	3.038545325554634	purple	2
3.9027132743540505	3.335795363548862	purple	2
3.6507263503534606	3.8336127777279105	purple	2
3.3632168448605917	5.067104758711689	purple	2
4.075831596732164	4.358212173001206	purple	2
3.9002398396524263	3.1581020289826	purple	2
4.070020479896272	4.724437478951526	purple	2
3.347067945898532	5.284818990404766	purple	2
4.604838067206655	4.446215871151529	purple	2
4.416133335939637	2.921551276332319	purple	2
4.213807192668825	3.625787668482196	purple	2
2.9780217806676292	3.479162083346517	purple	2
3.7126734727856543	3.1229157541309793	purple	2
</dataset>
</data>
