<data>
<meta>
<attributes>
<attribute><type>Numerical</type><name>Numerical_1</name></attribute>
<attribute><type>Numerical</type><name>Numerical_2</name></attribute>
<attribute><type>Categorical</type><name>Categorical_1</name></attribute>
</attributes>
<hierarchy>
<Categorical_1 name="color">
<![CDATA[<blue><cyan></cyan></blue><black><brown></brown></black><green><lightgreen></lightgreen><darkgreen></darkgreen></green><pink><rose></rose><purple></purple></pink>]]>
</Categorical_1>
</hierarchy>
</meta>
<class>T</class>
<dataset>
3.926552468364283	1.6370130858579093	lightgreen	0
3.899424208480329	1.586785156016881	lightgreen	0
2.316698089786327	2.3434213647938535	lightgreen	0
3.3343054555079976	2.2359062949182595	lightgreen	0
3.9931034282966316	1.9468937912637505	lightgreen	0
3.6039031700899224	1.7409259209101702	lightgreen	0
2.4388901801233724	2.2986912616661916	lightgreen	0
4.740449481303296	1.9920998142834574	lightgreen	0
2.427123668855301	1.7108115791323188	lightgreen	0
1.7104347471403551	1.7737033328774918	lightgreen	0
3.212288872161967	1.9860093505794045	lightgreen	0
1.6377787668747026	1.7280807157856024	lightgreen	0
3.1241528343003195	1.9483843728839034	lightgreen	0
3.1509748420465655	2.1399864362530248	lightgreen	0
2.781021266809244	2.099957355192081	lightgreen	0
5.016289990657343	1.632624272941641	lightgreen	0
3.3567703996514506	2.231280665439736	lightgreen	0
2.5073560198487046	1.853371930817337	lightgreen	0
3.3281938670663025	1.6815509739221026	lightgreen	0
4.65283469411455	1.8785281459572494	lightgreen	0
3.8879822911143216	1.913400983462402	lightgreen	0
3.1681268520693697	1.929281192139757	lightgreen	0
3.9363659815147667	2.2915066440147465	lightgreen	0
3.532699313517875	2.4064309915832336	lightgreen	0
1.6329735134042427	1.6552082462176805	lightgreen	0
1.9836437599752086	1.8273980742332732	lightgreen	0
3.039519973747382	1.958278877157982	lightgreen	0
1.6757219560132215	1.9911426531615786	lightgreen	0
3.2371519611843667	2.0116949049119857	lightgreen	0
4.753648030860404	1.8185230877218226	lightgreen	0
3.422503721432844	1.924751106939857	lightgreen	0
3.049613414320621	2.180166627753995	lightgreen	0
1.2466370601188874	1.857510870415915	lightgreen	0
3.25431591600998	1.9742237049200648	lightgreen	0
3.2039894075417674	1.9536843581195669	lightgreen	0
2.9515624740085853	1.9263290844148715	lightgreen	0
3.7808790029482204	2.5135183679106863	lightgreen	0
4.575480382380908	1.6500449385997962	lightgreen	0
2.6396750312031463	1.524481893665133	lightgreen	0
2.882122656083366	1.894411929302297	lightgreen	0
2.7593911032835665	2.059874083367928	lightgreen	0
3.9272113649216362	1.969798322913679	lightgreen	0
3.3092393920187853	2.1231649749087746	lightgreen	0
3.025097675875755	2.055890204814707	lightgreen	0
3.983896554592319	1.8854779589341666	lightgreen	0
2.9100305405689424	1.9263019302775488	lightgreen	0
2.857571386643439	1.8787029332825367	lightgreen	0
3.3830587899154643	1.8919432551597661	lightgreen	0
3.475490960141373	1.8009935457882764	lightgreen	0
3.889649590141975	2.211874459003843	lightgreen	0
2.327650898290849	1.8458301789806308	lightgreen	0
5.547783040755043	1.9690401307067489	lightgreen	0
2.7667587316875135	1.7419268357048712	lightgreen	0
2.3119564514607545	1.9687767379088281	lightgreen	0
2.670045181556757	2.2986106030535565	lightgreen	0
1.3353996001623372	1.945767306954401	lightgreen	0
0.8437711133438444	1.9780147018733802	lightgreen	0
0.3956765324257616	1.8988511068383203	lightgreen	0
2.646268747241534	2.399851328803344	lightgreen	0
4.007065175339131	1.7337771798240014	lightgreen	0
3.476637483910115	2.0278654190387817	lightgreen	0
2.3645643796804237	1.949835126750757	lightgreen	0
2.4857233749213243	1.9337674318040072	lightgreen	0
1.8551049525320635	2.196354161104236	lightgreen	0
3.647734483875215	1.7429237911211692	lightgreen	0
4.610263913029806	1.8424206802538827	lightgreen	0
2.7324484603034462	1.9825529618581126	lightgreen	0
5.002625295553466	1.5124656841422501	lightgreen	0
4.130366208231499	2.3498466381576892	lightgreen	0
3.3342725391894237	2.0467112084627224	lightgreen	0
3.137027556457755	2.199885185326452	lightgreen	0
3.330795079396927	2.1225970984588347	lightgreen	0
4.556791796020453	2.0755753444633798	lightgreen	0
2.5874326250346713	1.6128782841691707	lightgreen	0
1.5974538668421925	1.9880244154157596	lightgreen	0
3.0610377788457166	2.190556346887586	lightgreen	0
3.761116747772494	1.963459906658796	darkgreen	0
3.076834411324224	2.098016824817601	darkgreen	0
3.4576838783609776	2.1463282273193394	darkgreen	0
4.989087739958979	2.1461954194608333	darkgreen	0
4.216322769955612	1.762258220771131	darkgreen	0
1.5914594829351638	1.5488882677146278	darkgreen	0
4.214025045809699	1.5033428844638106	darkgreen	0
2.9804317835066483	1.72018672823778	darkgreen	0
2.5631864517082943	1.8662395587615292	darkgreen	0
3.02760869033402	2.159059693502165	darkgreen	0
3.6982254112882025	1.4448516620661624	darkgreen	0
2.1647738566942154	1.8321269650530847	darkgreen	0
3.1487390877619585	1.9060041099309835	darkgreen	0
4.497421184511416	1.4180308856603845	darkgreen	0
2.663302453526534	1.6407418931321738	darkgreen	0
2.538951190295203	2.155292878903367	darkgreen	0
0.7774663344286439	1.7699334850613242	darkgreen	0
4.229602903617581	1.7123164453813442	darkgreen	0
3.872505197335619	2.106665968986972	darkgreen	0
2.3824349444876205	1.7031364401931695	darkgreen	0
3.9010317073772782	2.360447664870129	darkgreen	0
4.280436114260564	2.014411931500409	darkgreen	0
1.5987638647204252	2.1352898447238093	darkgreen	0
2.424709529604089	1.833707003097707	darkgreen	0
4.032418927137972	1.8772740392827663	darkgreen	0
3.575567951601972	1.7770140989787166	darkgreen	0
1.8935387202564073	2.006764329428385	darkgreen	0
2.2459808223191065	2.1416310991220358	darkgreen	0
2.2182725073937943	2.1242344428214173	darkgreen	0
1.5235452011673707	1.8958450878955775	darkgreen	0
3.267504830003124	2.057120651422492	darkgreen	0
4.414313056122535	2.0821292398572195	darkgreen	0
2.8358781442880074	2.3120915106018924	darkgreen	0
3.4444019143271967	1.64421535677788	darkgreen	0
2.557392864178827	1.9014888719090357	darkgreen	0
4.406476644723682	1.833824987284715	darkgreen	0
4.491502065559155	1.923302069734191	darkgreen	0
3.4517041351858	1.8486889370373532	darkgreen	0
3.654912415357498	2.340557260757696	darkgreen	0
4.376625020723914	1.8912415438844246	darkgreen	0
2.6931546747020976	2.545713711811265	darkgreen	0
3.129423317647926	1.9420877919173987	darkgreen	0
4.041448198427515	2.0410552526921006	darkgreen	0
4.752298284494966	2.071629342616105	darkgreen	0
3.8395094638168583	1.9102006665372566	darkgreen	0
2.349172794649947	1.5971417181582535	darkgreen	0
2.591921495324297	1.9905057628350786	darkgreen	0
4.962376243100116	2.1045161302423585	darkgreen	0
4.185194073648674	2.104210081897501	darkgreen	0
3.7999592039609764	2.355373381148561	darkgreen	0
1.784798265230263	1.9398654298541251	darkgreen	0
1.7289986400491621	2.107175118617007	darkgreen	0
2.745917390398949	1.9982724690839564	darkgreen	0
3.3435733134748964	2.213078031574645	darkgreen	0
3.4813208494324828	1.8233077892677088	darkgreen	0
2.530302712622049	2.03098705788291	darkgreen	0
3.021404663253503	1.967807184851686	darkgreen	0
3.937735312741248	2.230505731525223	darkgreen	0
2.338587480042258	1.8694003530730974	darkgreen	0
2.4149257458431665	2.078175564876371	darkgreen	0
3.0233857482458673	1.853592065908786	darkgreen	0
3.546845750697551	2.132516572714104	darkgreen	0
2.663552460064989	1.8667628774600584	darkgreen	0
1.6309087138315475	2.103540697438074	darkgreen	0
3.383431588487885	2.224823030475085	darkgreen	0
3.1414521655007785	2.312827592132478	darkgreen	0
4.408817191651267	1.9632107621984023	darkgreen	0
5.440348246911587	2.466485720239214	darkgreen	0
3.470945021427906	2.136155599508314	darkgreen	0
2.9651962101250446	1.8828269517862821	darkgreen	0
2.857218772175405	1.9899027954262138	darkgreen	0
2.5111479970978925	1.9606079965409047	darkgreen	0
2.9542759129392433	1.8693224261233534	darkgreen	0
3.507244337184087	2.1519617589793563	darkgreen	0
2.6808693635498906	1.8467094707288656	darkgreen	0
1.4194834533092415	1.6975506286030888	darkgreen	0
0.4163371091033716	1.8641521281416544	darkgreen	0
2.4753384952896944	1.8495981415959613	darkgreen	0
4.221106199993382	1.6822322765471538	darkgreen	0
3.5695950316578755	2.0679593938605336	darkgreen	0
1.6683063760129175	2.2393876381655953	darkgreen	0
2.6376537700628635	2.311766678760239	darkgreen	0
3.1945181202100232	1.5700540928450573	darkgreen	0
0.4317043582652986	2.0015211894877996	darkgreen	0
2.1560648348408744	1.9868495952356626	darkgreen	0
2.2432299962150375	2.07585613594615	darkgreen	0
1.5243827901548428	1.7933078414901995	darkgreen	0
4.060030889098279	1.6746074501158625	darkgreen	0
2.4586401303930128	1.6828754771653063	darkgreen	0
2.600399265349049	2.219412126393247	darkgreen	0
5.075744706248013	1.8450581316467574	darkgreen	0
1.8751792255810409	1.4433855399365916	darkgreen	0
4.514849474625441	2.382432375523723	darkgreen	0
4.03272550686685	2.088975128410832	darkgreen	0
1.535467942099649	1.947338759828411	darkgreen	0
2.675703314030868	2.535361279525083	darkgreen	0
3.0023217898283097	2.091092607985036	darkgreen	0
3.3010873338774025	1.8620061958806893	darkgreen	0
2.797945272473766	2.181315621665527	darkgreen	0
3.0372226339623736	1.7992405393604871	darkgreen	0
3.199496542752485	2.312748712860122	darkgreen	0
2.403490840355905	1.6143536736768787	darkgreen	0
2.894335711943086	2.111533515950874	darkgreen	0
4.767357893066042	2.2454380939833936	darkgreen	0
2.298127358832044	1.881303175105988	darkgreen	0
3.146289950429658	1.7778099903894906	darkgreen	0
2.0931615332936193	1.9963126690567572	darkgreen	0
2.824506351874085	1.7015760972994407	darkgreen	0
2.067827394396498	2.0952227230082556	darkgreen	0
4.04917754098577	2.0992066628840353	darkgreen	0
2.058516161062446	2.312259483816203	darkgreen	0
2.4309971043487533	2.1235483888550797	darkgreen	0
3.673071881794679	1.8152930066525395	darkgreen	0
2.928670294503965	2.25616715136057	darkgreen	0
1.8791468183754565	1.6913071022443409	darkgreen	0
4.259439037141569	1.9199866647403632	darkgreen	0
3.6703649647969225	1.9182323665793828	darkgreen	0
3.1189322316749544	1.5550059584861793	darkgreen	0
2.74909902221333	2.04202673233784	darkgreen	0
-0.04495745894395364	2.206870963439829	darkgreen	0
0.7774116999699143	1.8196050051001855	darkgreen	0
3.054019628995698	1.8320373441166127	darkgreen	0
2.6478541768225456	2.0500424563359414	darkgreen	0
2.353015092833218	2.022884697277853	darkgreen	0
3.0299628995975936	1.9806165878592379	darkgreen	0
4.886745161120141	1.5931906952063204	darkgreen	0
4.917485303823879	2.212545930148942	darkgreen	0
2.165155901697241	1.9015326328185242	darkgreen	0
3.586443511205044	2.341725434914514	darkgreen	0
1.83052582271214	2.1467833569550403	darkgreen	0
3.0340365769439357	2.1779374338978896	darkgreen	0
2.159725575418316	1.8410664622090853	darkgreen	0
2.371670631849411	1.8214149346294413	darkgreen	0
3.04278270885767	2.057955856887147	darkgreen	0
3.03868335942235	2.051967989632289	darkgreen	0
3.1736999848596557	2.090372413518211	darkgreen	0
5.821234391288778	2.4244152499584537	darkgreen	0
1.7745182346177144	2.1443110659842395	darkgreen	0
2.7493504328635394	2.1609793940343343	darkgreen	0
3.5577176193706648	1.9550173416556695	darkgreen	0
2.1159795973005475	1.6640034012299774	darkgreen	0
2.7229290820446423	2.394464566133775	darkgreen	0
2.3805853790160434	1.821235350379101	darkgreen	0
1.7479800296280232	1.7508790837008108	darkgreen	0
1.7537396103667604	2.419340524884695	darkgreen	0
2.219343145672896	1.8214815246616674	darkgreen	0
4.20242449428118	1.8703355497864163	darkgreen	0
4.704604555213082	1.9103634037195938	darkgreen	0
1.096829697466991	2.1523448470118285	darkgreen	0
3.521597124740622	2.3405969949305967	darkgreen	0
1.7308281189013888	2.001407338343847	darkgreen	0
3.56173217009748	1.7423243891650417	darkgreen	0
2.153828222700115	2.271287914182769	darkgreen	0
2.01752304755438	1.931463988617733	darkgreen	0
3.912550416618593	1.6819909384342149	darkgreen	0
5.334240935413242	1.8796541864811387	darkgreen	0
0.9838372917456759	2.1418791190855133	darkgreen	0
0.5848528926156438	2.189073640006477	darkgreen	0
2.076932326635066	2.096276964258081	darkgreen	0
4.582384629921248	1.747657875555181	darkgreen	0
2.7612250762064394	1.8822530042922136	darkgreen	0
2.492387084828917	2.18933056464815	darkgreen	0
4.291025054901297	1.8408021434030513	darkgreen	0
3.693745504800905	2.2060309729077927	darkgreen	0
0.7026153205068995	2.184340819335861	darkgreen	0
3.106327892292597	2.3448267834554137	darkgreen	0
3.2602731956251567	1.8673311680511198	darkgreen	0
2.464339510703956	2.0800065287509066	darkgreen	0
4.060068201357085	1.6403488662151176	darkgreen	0
4.023915892278743	1.870900820825321	darkgreen	0
3.0806376109768263	1.937616603207485	darkgreen	0
2.596639202383923	2.1759862376908314	darkgreen	0
3.413764267881092	1.7109907288664534	darkgreen	0
3.6606748198503003	2.244514942145614	darkgreen	0
1.7812784754329933	4.074122160264589	cyan	1
1.074752730565511	4.005785999283137	cyan	1
1.5839737774746605	4.287199110501667	cyan	1
2.4824995840181807	5.006335979873636	cyan	1
1.6602968096172421	4.209600992776304	cyan	1
1.7001727837345348	2.9845521996289595	cyan	1
1.481927670453723	5.07968851882249	cyan	1
2.7404820805488277	2.415511054985252	cyan	1
2.3545438902669957	4.060736892066753	cyan	1
1.352117350230147	4.634627704898049	cyan	1
2.128423302425527	3.197547733692429	cyan	1
2.972813146460881	3.833917155768524	cyan	1
2.983388128327209	3.5755002045236486	cyan	1
2.7478112170727935	4.297060576684284	cyan	1
1.7834332158540112	4.3068619322580926	cyan	1
1.4272859835787044	3.2206882283135263	cyan	1
1.845527872759691	3.170948031822286	cyan	1
1.8342886377688652	4.272994984568719	cyan	1
1.5197207740559868	3.8989712872102316	cyan	1
2.399663928214578	3.8230828652870783	cyan	1
1.3179428221799123	3.984574431866251	cyan	1
2.2983371972869215	4.0203189935807915	cyan	1
2.0621533362349855	3.936399819854571	cyan	1
1.0716247905021503	3.587771203466855	cyan	1
2.4087807134473467	4.437788384739278	cyan	1
1.558575550913062	4.643632548152693	cyan	1
1.2904448579353398	5.020845797317369	cyan	1
1.0688980517664826	3.6331837114356995	cyan	1
2.8830812886568387	4.1345247893831205	cyan	1
2.293277019452296	2.8879553522854664	cyan	1
1.6386638117881644	3.3815392944235967	cyan	1
1.9710145757464534	4.162795881457075	cyan	1
2.5443445117859804	4.496323670576361	cyan	1
3.232014595060879	4.836383945301845	cyan	1
1.3395350405346713	4.264864598051632	cyan	1
1.9947432093180606	3.866101005212468	cyan	1
1.750110912385669	3.5538116608177823	cyan	1
2.4902358396835655	4.283571430576795	cyan	1
2.3072413445356466	3.224918554111804	cyan	1
1.9119566269918253	3.630444723130687	cyan	1
2.570155998106615	4.062839224750502	cyan	1
1.9846670226004488	3.429843969962353	cyan	1
2.252441185943758	4.513473605511904	cyan	1
2.2684476636544315	4.383377871820764	cyan	1
2.883289799852133	4.838820014787422	cyan	1
2.0432327471877754	3.4183777691275674	cyan	1
2.6231641004086623	3.4280159281192315	cyan	1
1.1378904741673213	3.405269163867641	cyan	1
1.704016639680089	2.880188619601326	cyan	1
1.9776986052490417	3.3779200798727658	cyan	1
2.275071402950812	4.089658447768357	cyan	1
3.724091110810611	4.122306465681131	cyan	1
2.0425243438265985	5.510666358955803	cyan	1
1.5747386595951796	4.387828489738342	cyan	1
1.9571728166197797	4.871128965685614	cyan	1
2.513290946295359	3.9693205339701505	cyan	1
3.00526060627415	3.4631425951349026	cyan	1
2.662552259141615	3.7294206903654983	cyan	1
1.6586159358208041	5.468610609418982	cyan	1
2.173195081826755	3.7106235460871035	cyan	1
2.2491267888750177	3.408895219791402	cyan	1
2.3244666475674047	4.284592951961738	cyan	1
2.430996310673255	4.179345000278149	cyan	1
2.0145436781770054	3.1151445666954727	cyan	1
2.4555316568287577	3.6360778542258263	cyan	1
2.4105593904031912	3.598246337450921	cyan	1
0.772753523081964	4.1982743944517535	cyan	1
1.6640183968149436	4.352131969626214	cyan	1
0.8642155826039655	4.275973027341898	cyan	1
3.0871607420619855	4.030852710155171	cyan	1
2.719784480075859	3.0205176303003745	cyan	1
1.6772765454922816	5.19208099765602	cyan	1
3.008259245754826	4.214394539767885	cyan	1
2.948197697121369	3.2331755211159	cyan	1
1.970547733541269	3.9929928730408157	cyan	1
1.7714484742200693	5.700951006514564	cyan	1
2.0154361065992883	4.7033587518179125	cyan	1
1.4988977535749162	3.906621032418652	cyan	1
2.9979928669379925	3.8520319961843397	cyan	1
0.9967736660961817	4.777394486786488	cyan	1
1.3892356178506307	4.164383757671898	cyan	1
1.577943888891139	3.18372435093869	cyan	1
1.1816123647215058	5.47746949085614	cyan	1
1.6160944675457978	3.462932723098882	cyan	1
2.982338483939223	4.229512533951146	cyan	1
1.0849042274592025	3.4630891094296876	cyan	1
1.2988140971249398	3.872804816294456	cyan	1
1.9170654484188878	5.652460678095699	cyan	1
1.2683297321206068	5.239590328934984	cyan	1
2.865928623044315	3.4723985699610496	cyan	1
1.8759191830616975	3.8999343019170314	cyan	1
1.7973568847703505	3.7534052079658333	cyan	1
0.43445893244842515	4.396157613912566	cyan	1
1.555944107151354	4.76051833248986	cyan	1
2.0843544282667374	3.575930123987841	cyan	1
1.33049690821716	3.3474960581160227	cyan	1
2.3346279264340755	4.310494239712178	cyan	1
2.240081777234374	4.240975497776746	cyan	1
2.5392908062104413	5.088570226958545	cyan	1
2.63946642929335	4.227666185018643	cyan	1
2.005055221600187	1.8289550785196145	cyan	1
1.8724163731247354	3.8019500916048097	cyan	1
0.3535871398786996	3.997060555877214	cyan	1
2.0891125191475224	3.6015017468952153	cyan	1
0.819086649675425	4.263226255777021	cyan	1
1.3895546146288142	4.642392466590728	cyan	1
1.5174608917425965	2.8908927155978414	cyan	1
2.2503047143819686	4.731253698620911	cyan	1
1.033421897270109	5.221452142476882	cyan	1
1.7281961610348433	4.276706443354247	cyan	1
1.4628102832431227	3.620379151311771	cyan	1
2.5950301014643373	3.7661127603643805	cyan	1
0.9837896324338447	4.854528652864387	cyan	1
0.31870342251459927	4.431491272452369	cyan	1
2.7398973653420207	4.866849926891513	cyan	1
0.8239419847326752	4.016644833385843	cyan	1
2.4875777765341986	4.327680598630687	cyan	1
1.7980912859375975	4.4828809985678015	cyan	1
2.050690160523532	3.523745513180895	cyan	1
1.5245541839788945	4.106393435563728	cyan	1
2.639279926381731	4.675827381543755	cyan	1
1.7522385488567354	4.064592459828993	cyan	1
2.6460477007745724	3.618906964647287	cyan	1
3.02409602356774	5.123710048943618	cyan	1
2.5095134101974956	3.6979132966756363	cyan	1
1.656525764457462	3.6316797476666567	cyan	1
1.149832158600216	3.312403728996374	cyan	1
1.8056043006905111	3.9058247802142154	cyan	1
1.1881281627868772	4.0771548614363216	cyan	1
0.6015751351112624	5.350677372238106	cyan	1
2.7739367693840915	3.44663320494931	cyan	1
3.324977850822912	4.302088820858262	cyan	1
2.003544279877743	1.8181515268810804	cyan	1
2.5158781097241425	3.7314887262259226	cyan	1
0.374676357136281	5.0055907907988395	cyan	1
2.2777954013130475	3.547563413111096	cyan	1
1.9341827476943059	4.055129841158393	cyan	1
2.0089626204519266	4.452638435494519	cyan	1
2.86772027131863	3.717086144627009	cyan	1
1.777848596253009	4.281675596184899	cyan	1
2.208697399944404	4.968001934104106	cyan	1
3.3966692145585977	4.062060381272405	cyan	1
2.0396133604038904	2.562214292106347	cyan	1
1.7379150234476435	3.406523492432787	cyan	1
3.0579356173132357	4.827171614064282	cyan	1
1.3495723706010463	4.490046961620196	cyan	1
1.5339635742509907	4.746314528645021	cyan	1
2.1141677066014255	4.049593399227785	cyan	1
2.8709820755111974	4.836829663610964	cyan	1
2.273695373863444	4.092277452886365	cyan	1
2.247747399944191	3.2947341581094607	cyan	1
1.565212573683616	3.4761528388756116	cyan	1
1.556471764457345	5.62383585271812	cyan	1
3.0323500779905386	3.594105727095922	cyan	1
2.283266965800774	3.4807082935012614	cyan	1
1.4997364227864405	4.950144452650467	cyan	1
2.3509898314614404	2.161778399828167	cyan	1
3.122864572946362	4.386616732703594	cyan	1
2.7933835780437057	4.778558251225023	cyan	1
1.644243793749629	3.6870325264607455	cyan	1
2.1753017009215547	3.777387740086513	cyan	1
3.1040329147192374	3.6615354091469627	cyan	1
1.8833582241210751	4.801291471174104	cyan	1
2.0806991372014028	3.282826107945997	cyan	1
2.114279959107948	4.732443250596008	cyan	1
1.7507402564903956	3.855171473586837	cyan	1
2.091613591536384	4.774410759780069	cyan	1
1.9359492988309583	3.5603002210879593	cyan	1
2.69024591196732	4.622942580374252	cyan	1
0.9002367488030472	4.7780538578102965	cyan	1
1.8735181055710899	2.6563247016397447	cyan	1
1.6592387193200464	5.22242734691145	cyan	1
1.6322908130660605	2.780746938700956	cyan	1
2.50053010330553	3.178209545337558	cyan	1
2.0506495702088716	4.0322798186342546	cyan	1
1.1052915467292077	4.519328743682795	cyan	1
1.3135890279280384	5.151505164566807	cyan	1
2.6688765356583124	5.040135898477137	cyan	1
3.058033343290186	2.4938604633084465	cyan	1
1.8385662453922453	3.239693779179576	cyan	1
2.5992372742682206	3.0914266607918326	cyan	1
3.7058519084329924	4.4281497435368395	cyan	1
1.864673890445062	3.8632666986900905	cyan	1
2.795808817480681	3.7475773556775525	cyan	1
3.1808310194683935	3.7171906359368774	cyan	1
1.0719327214558927	4.510734086641418	cyan	1
2.3991152883693365	3.2497410577060037	cyan	1
1.9376431751153782	3.192026290239936	cyan	1
1.6159759443507538	3.1833361907420388	cyan	1
1.2486666074600463	4.478081145388371	cyan	1
1.8463939073509918	3.64818412909286	cyan	1
2.372292462869553	4.607266962886115	cyan	1
2.4684107004856717	4.0411054242678635	cyan	1
2.340364125266128	4.351813860841899	cyan	1
2.3386753289808015	3.646357226298617	cyan	1
0.8544876024247894	4.039952593489994	cyan	1
3.21220493278677	4.092551105479225	cyan	1
1.659830559059038	4.138784395376178	cyan	1
2.4131742015060227	3.8124806018576485	cyan	1
2.612072443698938	4.572569437078441	cyan	1
2.6280221078408417	3.5210706983178395	rose	2
4.343566331118179	5.270842346918107	rose	2
4.278681526626896	5.705582668636835	rose	2
5.141887736019562	3.9969615032208483	rose	2
4.11402889501072	4.08845619732643	rose	2
4.861018941197543	3.730113964549068	rose	2
2.8006499995904237	3.553901015502556	rose	2
4.588210864085397	4.99780792547739	rose	2
3.9457162332746027	4.3118801120518855	rose	2
4.301015986319261	3.075100273285054	rose	2
4.005125332528102	4.3029309571541186	rose	2
4.305764925782724	4.006622531354651	rose	2
4.782254007830014	3.6264804280992458	rose	2
3.605302876344778	2.7340834166735055	rose	2
4.061203826756543	4.569016102304034	rose	2
3.3568894702362897	4.596141169795025	rose	2
3.840760435708038	4.690027952371222	rose	2
4.196055592454137	4.322821041870669	rose	2
4.206196448019835	4.571653482613092	rose	2
4.5933803698923485	3.5083277763283016	rose	2
3.975829515596495	3.5126812693827856	rose	2
3.43229144299616	4.72020723651994	rose	2
3.2517307349820994	4.408180736756751	rose	2
4.251934938676693	3.8101914962594305	rose	2
3.599789516811115	5.272856883918904	rose	2
3.9749146432211253	4.840113437451329	rose	2
4.089292861530308	3.3841669800403724	rose	2
5.024254326493715	3.4785988441083178	rose	2
3.2621587481124115	4.9173068827973285	rose	2
5.416322251829639	3.651702189596506	rose	2
4.506603296624228	4.0544053074052675	rose	2
4.090762205519368	3.7220644035215327	rose	2
4.772789647810713	3.550627225213021	rose	2
3.9005840353806485	5.224270074094841	rose	2
4.068815034134231	4.933774364445504	rose	2
4.157575284578739	3.846021130110117	rose	2
4.222476496084668	4.960700240691204	rose	2
2.8262760545496866	3.552508821036164	rose	2
3.744759237849582	3.04790159506718	rose	2
3.69613308223072	3.913106568077487	rose	2
5.457530948204172	3.618239738776367	rose	2
4.241957387226514	3.6886313807038955	rose	2
3.2464124953418287	4.118960367943804	rose	2
3.198215688865652	3.4199003963396684	rose	2
4.879348409671337	3.9292857756180557	rose	2
4.410682183101549	3.726949805432024	rose	2
3.671359616563608	4.778033005975174	rose	2
3.280427771489115	3.475523252265069	rose	2
4.832876402338775	3.9379476511308122	rose	2
4.121583397458514	4.284616159612233	rose	2
4.3265809554059045	4.246400862671535	rose	2
4.79526571136971	4.101333212746324	rose	2
3.9259966665767316	4.386822617640247	rose	2
3.815929593692842	4.065106486063738	rose	2
4.2164159729111566	4.321451986057428	rose	2
5.979646647587741	5.316649563045745	rose	2
4.338538063323718	2.695670847397377	rose	2
4.476641594270816	4.635396509603677	rose	2
4.700995673870333	4.023253552924501	rose	2
3.918533178227652	2.557802505350611	rose	2
3.956772884189847	5.133295087409515	rose	2
3.7608489010974453	3.6113583196278713	rose	2
5.119476330028266	4.010403968127367	rose	2
3.2540965736720677	4.783277524314467	rose	2
4.073569608127464	3.4937643269528795	rose	2
3.7020576829960015	4.122515675780603	rose	2
5.293907565289378	4.207933919350577	rose	2
3.6945185677951637	3.0377770041425904	rose	2
4.573038303408545	3.629761488624599	rose	2
4.134822544710154	4.110732119680838	rose	2
3.339726802494932	3.026226453985669	rose	2
3.9400666557576507	5.065681523489612	rose	2
4.023689822695349	3.9622049115821936	rose	2
4.519197612094548	3.6797451523166527	rose	2
5.163267517836985	3.28248608752138	rose	2
2.876976398103677	4.041218756072073	rose	2
3.8436325983563204	5.214344733153695	rose	2
4.134357967224613	4.3504888066435585	rose	2
4.133990530092196	4.46985987744473	rose	2
5.450037328434968	4.391414511633782	rose	2
3.8787975515798596	2.836626723501461	rose	2
4.484865745529013	5.142538700387043	rose	2
5.016831529907478	4.606580004314192	rose	2
3.6912871867741126	2.769279912427289	rose	2
5.328537790720464	4.556714524934771	rose	2
2.4711206890307533	4.971968435126028	rose	2
4.090300175782429	3.451486058872696	rose	2
4.357451663542763	4.474689434087597	rose	2
2.7970199917419745	4.282622643995337	rose	2
4.678211460800735	4.8613587793469755	rose	2
4.3893901144835015	4.309888429488363	rose	2
3.063898125953118	4.168942760662818	rose	2
5.02093874604826	3.3286334523236407	rose	2
3.874667335355842	3.7848977106955535	rose	2
4.774533286674669	4.575640760577269	rose	2
4.185602060121979	3.7955613864174214	rose	2
4.188087637673455	3.728813678831842	rose	2
5.424512841128452	4.213825811960465	rose	2
3.735902389002419	5.180782337859485	rose	2
2.9625400713196153	3.1891846723448127	rose	2
3.9902764857323114	4.380947205059073	rose	2
4.14593398687554	3.8979674471043713	rose	2
4.097317071778546	4.812828205999095	rose	2
5.788241062082548	3.363522149250921	rose	2
3.9999182107145828	4.28897790692688	rose	2
4.414820033955307	3.888044730470351	rose	2
3.8412177279985285	3.6178180389944226	rose	2
4.149664465715406	3.797803447567054	rose	2
4.1427898254614695	3.1894708405444505	rose	2
4.62697485356889	4.503039614060376	rose	2
3.7492549235220505	4.097920322946583	rose	2
4.138129850655869	3.9241326424421845	rose	2
3.730717434330248	5.69889661393869	rose	2
3.9852842235772905	4.311622213391126	rose	2
3.5239547939357223	3.8304074601337863	rose	2
3.7311825691493814	3.732363725378461	rose	2
3.7291836289818665	3.938778941947787	rose	2
5.7030025443968695	4.201103510765273	rose	2
3.197828014058485	4.532817552394998	rose	2
4.677388127988017	4.575305365957615	rose	2
3.310937002881811	2.8812809938271027	rose	2
4.458940800152319	3.2609174767362323	rose	2
4.449797549402222	3.582723690003827	rose	2
3.690966058703225	4.2813785983262775	rose	2
4.778915287423171	3.1861421655853643	rose	2
4.059228978493945	3.021838555812044	rose	2
3.622616303670429	4.250222544252739	rose	2
3.210888435868646	4.676861742227074	rose	2
3.4928284787794066	2.917153488130687	rose	2
2.8049214867282783	5.039144393107736	rose	2
2.659727513541683	5.041859487266002	rose	2
2.3686013379302366	2.6026391055180293	rose	2
4.890829875096589	5.213080430771215	rose	2
3.997748912801867	4.722663289492413	rose	2
4.164057535980139	4.061730209861926	rose	2
3.9473242619726956	3.585682788983351	rose	2
3.183196168768016	4.00623422285685	rose	2
4.084678596317385	4.298632779981184	rose	2
4.29283560937418	5.024466477240067	rose	2
4.378041044616539	3.5512031154160812	rose	2
3.0482957058194637	3.7975906106593755	rose	2
4.83522073414234	3.736810776676286	rose	2
4.260694364402259	3.8234246040638578	rose	2
4.117296729152208	2.7096263288635143	rose	2
4.480023631570495	4.473488508286072	rose	2
3.274478345676595	3.2295858009376426	rose	2
4.75246274748443	3.4713058325941013	rose	2
4.811400431722802	5.208267336186922	rose	2
2.736641117638251	4.625433458923498	rose	2
5.084469777167261	3.7396141424944362	rose	2
4.4586483356561075	4.093235940043873	rose	2
4.7067609414493985	3.3961522084753395	rose	2
4.981054475304743	3.5751497005983475	rose	2
3.893272644374819	3.977429925117802	rose	2
3.2926225120236023	4.368076414939776	rose	2
4.541301950465829	4.10729984320891	rose	2
3.121773910283097	4.41669045473004	rose	2
3.9842093434968984	3.650016909858242	rose	2
4.4829300271277095	5.760434897521014	rose	2
4.756854783468243	3.4014769406672523	rose	2
3.4103357781151775	4.477891868916892	rose	2
4.054957643495784	4.716684269374841	rose	2
2.7958377680927766	4.624852498709832	rose	2
4.521143913463625	3.586514582560351	rose	2
3.9544710541231916	3.8055849439282907	rose	2
4.655738157252381	4.833567932829359	rose	2
4.923389727041492	3.8850690750644605	rose	2
3.757451967118991	3.8094107465916234	rose	2
4.0228578422568555	3.3031178065715947	rose	2
4.262764699438111	4.349365828111833	rose	2
4.399219404982127	3.442031871543472	rose	2
3.728129422073393	2.8772617794030926	rose	2
4.6041205455384135	5.408428551813314	rose	2
3.7503271465903523	3.198426203325243	rose	2
3.8838960314528506	4.82251500826042	rose	2
3.371931011690639	4.074233028910343	rose	2
4.208000599557577	5.1100388507385315	rose	2
2.7876135108351785	4.662773598840953	rose	2
4.41123051642559	3.5807345898384404	rose	2
2.9250888682121374	4.014448784214531	rose	2
4.131591315497995	4.679059832228439	rose	2
5.24534588706422	4.606444916952867	rose	2
2.312568655990395	3.2385690999310857	rose	2
4.282843197421291	4.8580789756559914	rose	2
2.7617201924073003	3.084069742491831	rose	2
5.276950061816452	3.478346827887116	rose	2
4.114167761248666	3.1802837178160965	rose	2
4.2718288890439275	4.30457723256897	rose	2
3.3900226335422285	3.3365639572005845	rose	2
3.4660572702878167	3.2606794529006926	rose	2
5.10755010506784	4.243114989016032	rose	2
3.236160346541464	4.7645610428818355	rose	2
4.872953083908683	4.185738293393265	rose	2
2.605045651837524	4.3424475483884235	rose	2
3.6322497119627095	4.9051242924144445	rose	2
4.303847627219347	4.029604364679841	rose	2
4.843766702815276	3.819224265893497	rose	2
3.5553629142998946	5.079541766461968	rose	2
3.708324613230335	3.0331821271417163	rose	2
2.737474052542056	5.6455052405698485	rose	2
4.1529420991399375	3.3796983889700707	rose	2
4.438671797869963	4.3419526511721465	rose	2
3.3876358835093052	4.220503474411973	rose	2
5.2196354411995465	4.164840169689835	rose	2
4.695012685389847	4.873066893350449	rose	2
5.545684316847945	4.877292338159784	rose	2
4.01606359184652	3.6212561992996646	rose	2
4.435260419878081	4.193838086120205	rose	2
3.821171558531785	3.8263150294194825	rose	2
4.2355680821097845	3.657154627620964	rose	2
4.663694408188116	3.560455730855375	rose	2
4.547132325614561	3.5267731379422997	rose	2
4.5952653775444485	4.132711370057697	rose	2
3.942904113673156	4.474466344155561	rose	2
3.834059134254607	5.233753698301824	rose	2
4.404676003266458	4.766579792184397	rose	2
4.159938702181326	4.228858944004676	rose	2
4.421037977250038	4.042407427809376	rose	2
5.25006458017614	4.700957820816452	rose	2
4.28856224788521	4.014139222252139	rose	2
3.5743163224068697	4.995379009394859	rose	2
2.5379011958716537	3.957269776615288	rose	2
3.892233088114422	4.329842048257251	rose	2
3.384822245053802	4.136583794445968	rose	2
4.574398789502677	2.672774312304213	rose	2
3.4373729536078055	3.814638353366334	rose	2
2.998843874921845	3.5193347292268276	rose	2
3.358380108360243	4.158801429048522	rose	2
3.4198967080566938	4.093170603841882	rose	2
4.19436355335045	2.694187384530609	rose	2
4.020397181612265	4.418954121622198	rose	2
2.748724597405334	5.549681501217652	rose	2
3.289130237634387	3.864021119215581	rose	2
3.766220087535547	3.3994797001740418	rose	2
3.626290288233905	3.4913541299854547	rose	2
3.9883879098397306	2.938839113908955	rose	2
3.95034833448838	3.5635857284693406	rose	2
3.67486716458955	3.5022049113187164	rose	2
2.3444105101839523	4.317826724080361	rose	2
5.611069119359575	3.9557584490672615	rose	2
3.1965092756221196	4.299199232902515	rose	2
4.487790973987309	4.2566626568683334	purple	2
3.5184615790901335	5.2767949676207175	purple	2
4.377793488868735	3.0065293827376527	purple	2
3.9333142654621547	4.957176631838358	purple	2
3.5511432082219745	3.2385319474690166	purple	2
3.3229765770005724	3.4743149830531594	purple	2
5.504212351004451	3.6412430044752027	purple	2
3.8586876799790764	3.6912472731103314	purple	2
4.794733840301128	3.3031578088992744	purple	2
5.572192825979443	3.030917625407386	purple	2
3.669515890125566	3.6451853869395148	purple	2
4.308170323107742	4.551598928030499	purple	2
3.7782827978205145	3.9374750899201665	purple	2
3.5185939718885106	4.113351555093285	purple	2
3.729304389120363	3.430919309337154	purple	2
3.6101910633377896	3.8895932993986637	purple	2
3.893808883003248	3.746510937289239	purple	2
4.7677129428169955	4.996364127460135	purple	2
4.318096332771179	2.8241707540061696	purple	2
4.079417711699082	3.640966338431251	purple	2
3.9258521482440383	3.82761499548274	purple	2
4.7870790420327785	3.8250013417100677	purple	2
3.878089439972873	4.581688586946504	purple	2
4.694091836776379	4.46195846569127	purple	2
3.901184302955988	4.443063009764434	purple	2
5.3683949363790635	2.817806423036968	purple	2
5.338579459895724	3.925090915725523	purple	2
3.3090444140762427	4.116121707124413	purple	2
3.5451056495622613	3.3187861655107644	purple	2
4.656560687830059	4.6022533314790826	purple	2
4.13657528973235	3.9227159383740995	purple	2
3.942576518458504	3.8592051981447533	purple	2
3.382314259399469	5.264946515029737	purple	2
2.5787782365107144	3.6600624361153034	purple	2
4.0271585374127685	3.6275990722363876	purple	2
4.444619926543914	4.074455106527658	purple	2
4.896023100913425	4.23749602381147	purple	2
3.4133117029009945	2.7343007409331754	purple	2
3.5743551695136864	3.76691243875647	purple	2
5.024348052687358	4.38100707217565	purple	2
3.677270057339256	5.503916576185732	purple	2
3.951936044115585	3.159037734700953	purple	2
4.104569033064001	4.344597120968019	purple	2
3.794438439313004	5.326608756811315	purple	2
4.329874511773019	4.24426781821384	purple	2
4.039524682978334	4.088254027715626	purple	2
2.7858426199664255	3.447055303291188	purple	2
4.420641679404552	4.322271695540058	purple	2
1.7692469989680126	3.7941509617052502	purple	2
5.299559943000141	3.785149817661809	purple	2
3.532520822245597	3.8516141030511353	purple	2
4.391332624156454	4.6066007667221065	purple	2
3.887457287872196	3.4406839522107346	purple	2
4.232785362874061	5.478312285798428	purple	2
5.002784814468477	2.4712216288963065	purple	2
4.366850140780378	3.37809497949937	purple	2
3.1136110642932984	4.966257895251641	purple	2
3.994958725976576	4.737737159321105	purple	2
4.245298172810383	3.8630743987256775	purple	2
3.6845474145958192	4.484595693907665	purple	2
4.601872068548001	3.7343113499272245	purple	2
3.4434627140598817	1.7426111337218693	purple	2
4.105917495264339	3.874660229984209	purple	2
4.801363353555265	4.7734992384217785	purple	2
4.684880391308666	3.3987560528461267	purple	2
4.427343680946184	4.6107033560766535	purple	2
3.761370211366781	4.566166747698873	purple	2
3.476086794909808	2.910926665751715	purple	2
3.975285473054287	3.9055345645477484	purple	2
4.325375143166983	3.0161213646999645	purple	2
3.9267247560756178	3.5770269299615465	purple	2
2.707085359676551	3.710987362481278	purple	2
3.568906030721488	3.875023698473409	purple	2
3.943942625146425	4.020825427655804	purple	2
4.340356618863106	3.9685359509480937	purple	2
3.944471249836191	3.4814385467972504	purple	2
4.678005839723976	4.043654392694201	purple	2
4.756543118488022	3.223401282440358	purple	2
3.9923583350377583	4.160300073198911	purple	2
4.452918742426845	4.268820751998579	purple	2
3.6284711522881734	3.439037208743711	purple	2
4.321014020820616	4.21693237244467	purple	2
4.080643139089181	3.2792493008943935	purple	2
4.717122180493579	4.419021648236869	purple	2
2.464814169676103	5.6220238855550395	purple	2
5.205652728009418	5.364713108032612	purple	2
4.586889264836675	3.8922760024145937	purple	2
3.648436833463806	3.737047626347513	purple	2
3.2540583244802277	3.568787384271154	purple	2
3.153325565145818	4.438161617998654	purple	2
3.736592500996281	4.705814665843596	purple	2
4.682208569184144	4.666024115941005	purple	2
4.3962602627865115	4.73273815017849	purple	2
3.6944144297670887	5.255035395480441	purple	2
4.16786352596132	4.140746606809251	purple	2
3.1095175245111637	4.148964348898948	purple	2
2.6835086418123155	3.6651317345872907	purple	2
3.6780166165500026	4.375668626214483	purple	2
5.542819601724175	4.023783389377273	purple	2
4.706995383056794	2.1926558206736058	purple	2
4.075494348746773	4.523668835291527	purple	2
2.6548424664140495	4.813677105235597	purple	2
4.940171678113326	4.111258654031315	purple	2
4.421334935464962	4.359821670340549	purple	2
3.886416530999395	3.645422725415836	purple	2
3.037536856333807	3.1451907965041315	purple	2
3.9710254370638	3.9973929301566624	purple	2
4.138849273826276	4.844420487397094	purple	2
4.044869960894973	5.352019046979629	purple	2
4.718834582280845	5.498887370465274	purple	2
4.505921412242628	3.6519934776412306	purple	2
4.279978176200528	4.178976300614998	purple	2
3.997687020852394	4.789104349646703	purple	2
3.8765966944706083	4.08219808310401	purple	2
3.8502512436977563	3.2504856273511886	purple	2
4.3808813472574695	4.912316730163567	purple	2
4.343742785399558	3.140702115541539	purple	2
2.276177625205989	4.198234698388058	purple	2
3.6637295033002792	4.22539007637733	purple	2
4.474874114213856	4.466471687566735	purple	2
3.1185024031736797	2.967956205978142	purple	2
3.955828555898779	4.421530142022233	purple	2
2.724714256747415	3.7868576187273684	purple	2
4.666531627746917	4.632982346449344	purple	2
3.394271196570658	4.322088992723192	purple	2
3.2384672793329337	4.632753670204783	purple	2
3.3684482767905854	3.73381628905289	purple	2
4.414253498326414	3.472560642726358	purple	2
4.9036626109948	4.407538113767707	purple	2
4.299405576917856	5.085612595677756	purple	2
4.884352975702015	3.4144371731495955	purple	2
4.284138981862698	5.441032460292558	purple	2
4.600657087869946	4.8695109294919074	purple	2
4.861269123781091	3.8862456824602245	purple	2
4.748604372701756	3.8506067496186978	purple	2
4.132348422128191	2.9507446946327263	purple	2
4.525532068636712	2.6266453012466973	purple	2
4.4576691881861095	3.921804621720718	purple	2
4.040249644885337	2.921227474964895	purple	2
5.387066933638256	4.886499516853698	purple	2
4.702924794123957	4.010531486216132	purple	2
4.633043311540934	2.670036661566189	purple	2
2.97297614537796	5.160798054947512	purple	2
3.8963429144950195	2.2324536424833465	purple	2
4.207097753986198	3.685810416723738	purple	2
3.2841019484496625	4.350529928797154	purple	2
5.374556985410873	4.508726756839514	purple	2
3.51735961178556	3.560402261435077	purple	2
3.197420269068434	3.8390650365461236	purple	2
3.9942591041911686	3.5809313827870963	purple	2
5.3895308658494185	2.7842307809495384	purple	2
2.4904406004768953	2.706423719351484	purple	2
4.008527468954247	4.065183485494663	purple	2
3.2736708088142152	4.803317292964156	purple	2
5.265499373133839	2.8558644058935743	purple	2
5.16171180932325	3.8866117479448703	purple	2
4.483280742145798	4.87696026028034	purple	2
4.636408583288759	4.352298862139912	purple	2
4.407010951037008	3.2698700017668756	purple	2
3.4932887750023895	4.194243465175448	purple	2
3.879177696267097	4.738677616557598	purple	2
3.7874986344161647	4.096861911335046	purple	2
4.760121271064634	4.775663279743084	purple	2
4.173920769028765	4.128703765388762	purple	2
4.056465678785343	3.3447526760803576	purple	2
3.6724826658588183	3.8217184172912746	purple	2
3.592203860737755	3.805555959230251	purple	2
5.613343414687758	4.140120152770827	purple	2
3.9389786400069355	4.030884767585524	purple	2
4.190007174865589	4.770333151656418	purple	2
3.8580254013435042	3.836562314889437	purple	2
5.332224431474197	3.3745264165134863	purple	2
3.6477692830627224	4.2962584200076455	purple	2
3.3544291521236698	3.748214709999095	purple	2
4.1210472061978445	3.6418822976203717	purple	2
4.735887167415045	4.632128260300418	purple	2
4.393946674838923	3.965747382879064	purple	2
3.267541847510808	4.369121038432008	purple	2
4.471222083338401	3.936905751679696	purple	2
4.59304747697884	3.9528183110319546	purple	2
3.7738653855902347	4.672962046904046	purple	2
3.913435781927454	3.254660259926089	purple	2
3.9633514602719093	3.3070634101405303	purple	2
5.501959801791598	4.434166985426611	purple	2
4.826872255339811	2.3958636070087485	purple	2
4.949657378613185	3.423384933757899	purple	2
3.290408740806179	3.674060971610411	purple	2
4.844422668778854	3.5181840266712903	purple	2
4.6631483354067145	4.0140015286480875	purple	2
5.218834862180541	4.204203655360402	purple	2
5.237566223289599	3.221038986702527	purple	2
2.9311479731999586	2.908985823028715	purple	2
4.510165228280344	4.099019787884057	purple	2
3.8373094529830234	4.056764715833015	purple	2
4.464427146570382	3.839380773374869	purple	2
4.168984398463015	4.460031972487625	purple	2
4.536984773444987	3.2464640782203236	purple	2
2.575843532521943	3.0372117778407155	purple	2
4.21603128730178	4.436264692049866	purple	2
4.938521027925876	4.443353487728812	purple	2
4.43853059085625	3.8333626027410936	purple	2
4.5722248953817255	4.522773061127262	purple	2
3.0475212208010296	3.3623725085319713	purple	2
5.194458227299954	4.281491620386078	purple	2
4.044201859195304	3.780284006184079	purple	2
3.44519585719658	5.219797183490722	purple	2
3.9165148492192565	4.058771814727307	purple	2
3.4916875607999365	4.1563588443226225	purple	2
2.7464579878910476	3.587421064140101	purple	2
4.481271816150468	4.49956365600242	purple	2
4.300218189107705	3.8104010710754816	purple	2
3.7187575594601205	4.849857568189145	purple	2
4.110263295073409	4.434322039250701	purple	2
5.541753234634978	2.6684398843020256	purple	2
3.4416321892626622	4.379567323240041	purple	2
4.273093879459658	3.6989076956614064	purple	2
2.8370019708910443	5.174732532413803	purple	2
4.359315772967267	4.462060656561051	purple	2
4.535039802301036	3.4533740269484845	purple	2
4.424232245526134	3.5591352838982115	purple	2
4.131425816053649	4.344429997348041	purple	2
4.251972690314947	4.981498951348957	purple	2
4.082732209126464	4.630964120806514	purple	2
4.058445002166069	4.734311713292326	purple	2
5.126953538999655	3.910821108672959	purple	2
3.5979617763108567	4.134349052783739	purple	2
3.183841406750086	4.722609722955059	purple	2
4.461479301141628	6.019505942746165	purple	2
4.455920420700053	3.9587757358493105	purple	2
3.39410588614524	3.937649600392907	purple	2
4.869657068530785	3.199827625626202	purple	2
4.781663449131192	2.9656531719654646	purple	2
3.5894774046444855	4.282306249730099	purple	2
4.721676644127453	3.6426748264052655	purple	2
3.949172145903765	3.2502482257029377	purple	2
3.903312901610955	3.913835177328364	purple	2
4.577053651348473	3.1429686949587454	purple	2
3.7345472898521193	4.033045067734574	purple	2
2.731251412096389	4.799459847123684	purple	2
4.165988689567097	4.028737735589289	purple	2
4.447280771143381	4.939859077854292	purple	2
3.7861828527287718	4.47420054569656	purple	2
3.475902343659825	4.138489384139608	purple	2
2.9571334957676756	4.202559908898605	purple	2
4.153678980716339	3.2092351472053062	purple	2
4.972002346339934	4.928095701702739	purple	2
4.814915445494238	4.072769265498501	purple	2
3.844681795961188	5.073276824442587	purple	2
5.315642496325374	3.4757083863703673	purple	2
2.950165577209388	3.384808258377482	purple	2
4.312196427316751	3.861251692185243	purple	2
3.9018091999583855	3.718570728467226	purple	2
4.631965989059366	3.925574981850522	purple	2
4.001055854455359	3.8184945963751975	purple	2
3.7225280827738887	3.262187926727326	purple	2
3.7099014120448968	3.40841243165222	purple	2
4.0876987040347945	3.9060864468889833	purple	2
4.641994628581675	3.490326431812905	purple	2
3.6218963582882577	4.78233736836676	purple	2
3.9898895642339958	3.1216453227569003	purple	2
3.4472567405043124	4.6856389670165814	purple	2
2.737974040973694	4.568908947700553	purple	2
5.35994180688675	3.278438550882941	purple	2
3.472001274107117	3.8582378049503623	purple	2
3.982407249258117	4.53409951984526	purple	2
2.6099803485568325	4.1613572803423775	purple	2
3.1651063868023592	2.9022966283202587	purple	2
3.833401554479371	2.5967502326262077	purple	2
3.2563288964484327	4.551590057954397	purple	2
3.0184157707638253	2.3623179361808875	purple	2
5.193375045355754	4.252973429473923	purple	2
4.180492739902603	3.9975038803576783	purple	2
3.8378044216818754	5.372397907324433	purple	2
2.85780742457568	3.4240106084202306	purple	2
3.16890705930117	4.281173653863799	purple	2
2.4950707396346625	2.8704735870280205	purple	2
3.6724904322613616	4.026600129069231	purple	2
3.3603833450059692	3.678380767277686	purple	2
4.793518856326875	3.599381284299381	purple	2
4.736988291826581	4.946606763677021	purple	2
4.959114526630191	4.4053639036752426	purple	2
4.26313608291659	1.5208877021625082	purple	2
3.624311830129976	3.75296546097369	purple	2
4.086759472668353	4.495389724327638	purple	2
4.2687569348805425	5.046168134290517	purple	2
3.47693215655811	5.168512901608199	purple	2
3.7145457635183545	4.462233784898048	purple	2
3.511411788605499	4.9045683360055685	purple	2
5.010160097920099	3.337830082086133	purple	2
5.531281470026412	3.6013165140172783	purple	2
4.918116559504796	4.511914066801562	purple	2
3.64523886127673	3.9142972051382254	purple	2
4.152823916575365	3.7376769258017193	purple	2
4.222041783738684	5.693917997220381	purple	2
4.862977102560803	4.390500254738458	purple	2
4.580356946066942	4.480915309379162	purple	2
4.960816921623793	4.358286423521808	purple	2
3.277263655691666	2.895302101394605	purple	2
4.906044418861942	4.346726955255483	purple	2
1.918785182625728	4.2696646792412665	purple	2
4.39843174733441	3.9781940859730582	purple	2
5.127340928507436	3.480138144465121	purple	2
3.766243458381282	3.6217678074693898	purple	2
3.435848028896123	3.7490420218949847	purple	2
5.379494168754406	4.125340760751104	purple	2
4.194604408634598	4.200983901553491	purple	2
4.264747611960782	2.922376919113151	purple	2
3.480204068623729	3.087134818305072	purple	2
3.8490299940900297	4.304737101523983	purple	2
4.226305522521493	4.410462439464551	purple	2
3.6293838984935785	4.595342187113491	purple	2
4.318379306209735	5.392432562062181	purple	2
4.496490486348867	4.132605208234576	purple	2
4.329786888688946	4.382386844595636	purple	2
3.628831274838409	3.643917561086887	purple	2
5.014823169763552	3.7345178988723013	purple	2
5.0370801834399686	3.26481266514089	purple	2
3.4279222653858694	4.220445515381263	purple	2
4.063758259608825	2.9421688804830604	purple	2
3.262392651304855	4.313854424495944	purple	2
4.062693799149449	4.645880126588258	purple	2
4.1683640972116285	5.293604145416906	purple	2
4.5215530099950865	5.39546426350111	purple	2
4.037333505945417	3.8399527979703962	purple	2
3.125103942990921	4.3591355073098095	purple	2
4.757005374990082	3.386566379631872	purple	2
3.729322919565193	4.248721986707184	purple	2
4.724310647638424	2.9355249161302304	purple	2
4.182468797409735	3.524986978506798	purple	2
5.011828778799438	4.704535851558997	purple	2
2.481884544769675	4.224700223543991	purple	2
4.279090657160317	5.437327357969977	purple	2
5.42107137743948	4.356352213857264	purple	2
3.9055292368834156	4.168701848616148	purple	2
3.6237392662948174	3.812767970100026	purple	2
6.3541155077984275	2.5319973890898537	purple	2
3.6792902342285054	4.175486956216907	purple	2
3.6438801097317386	5.5157808714159655	purple	2
3.8735372691900043	3.712061905704756	purple	2
4.8821116396584125	4.771935393362217	purple	2
4.3346808190679775	4.788963225683888	purple	2
4.451345143474898	3.4083060361427	purple	2
2.899146887150977	3.4357197949738345	purple	2
3.9010199880735543	3.760201847405888	purple	2
3.771600270909266	4.089153802748795	purple	2
4.19097885647733	4.568452783316277	purple	2
4.283434321716719	4.968944409945923	purple	2
3.6681491322666218	4.728355119283179	purple	2
4.209381987541323	3.444282003342254	purple	2
5.20031547205944	4.812656314488748	purple	2
3.588714778800959	1.935038782861061	purple	2
4.373121961679519	3.393531232433701	purple	2
4.587374473981673	4.044920622540677	purple	2
2.6424217425878456	4.128581213194361	purple	2
3.6103733241132128	4.554942161421075	purple	2
3.4982561205347973	4.882457214580689	purple	2
3.6966712385234963	3.9211466170107556	purple	2
4.030643459300799	4.15490335994942	purple	2
4.357979547176964	5.712914345952639	purple	2
</dataset>
</data>
