<data>
<meta>
<attributes>
<attribute><type>Numerical</type><name>Numerical_1</name></attribute>
<attribute><type>Numerical</type><name>Numerical_2</name></attribute>
<attribute><type>Categorical</type><name>Categorical_1</name></attribute>
</attributes>
<hierarchy>
<Categorical_1 name="color">
<![CDATA[<blue><cyan></cyan></blue><black><brown></brown></black><green><lightgreen></lightgreen><darkgreen></darkgreen></green><pink><rose></rose><purple></purple></pink>]]>
</Categorical_1>
</hierarchy>
</meta>
<class>T</class>
<dataset>
1.4290429097458783	1.6700915253180202	brown	0
3.3977075483707835	2.515669506456062	brown	0
3.7725452731426303	1.0046423154411332	brown	0
2.806905750804384	2.4930876190368023	brown	0
2.8865269634969764	1.8811906632359097	brown	0
4.229457282728532	2.047879985501038	brown	0
4.577610739775409	2.613075893521826	brown	0
4.958841169959134	2.3063961373326176	brown	0
4.2411874879191105	1.7540451167708637	brown	0
2.4849788568098132	1.9233082407620241	brown	0
4.42544707903645	1.8663693762896325	brown	0
2.0408537523101007	1.8316768104183379	brown	0
4.261736107074226	2.0246628121464894	brown	0
3.376813834515775	2.410429060010588	brown	0
0.30567105721141274	1.6256337766193034	brown	0
4.110111118093076	1.3858529195611449	brown	0
0.09937973551532542	1.4782229853404136	brown	0
1.7289960059495162	1.719728248991456	brown	0
4.355598613812881	1.9576392763240786	brown	0
4.215625746149701	2.16670047898895	brown	0
2.566191089374683	1.702985069077744	brown	0
4.903814524332205	2.1204946303617334	brown	0
1.0363004080208362	2.1271999260422563	brown	0
1.7568193724967172	2.1282238144277077	brown	0
1.5357034644562737	2.263759058500323	brown	0
3.6683765111745927	1.8911092687811997	lightgreen	0
5.031925556920417	2.548581368503097	lightgreen	0
2.316672931070612	2.0608432708923603	lightgreen	0
2.5463652002895167	2.1038241846572565	lightgreen	0
4.913682566817727	2.338273683403766	lightgreen	0
3.6728645662824695	2.0720227499073594	lightgreen	0
2.4804108584452194	2.1674669982329418	lightgreen	0
2.2475953627424237	1.9428548045874976	lightgreen	0
1.893109612738999	2.0316360701823544	lightgreen	0
3.039559774388306	2.119841275194643	lightgreen	0
3.0396452568708834	2.1606084802865575	lightgreen	0
4.107158010738017	2.095908383495017	lightgreen	0
-0.3440245225280072	2.370305685232292	lightgreen	0
4.394523536854061	2.2348812679796586	lightgreen	0
3.1492890657504318	2.3285717403767148	lightgreen	0
1.2531355230210341	2.3771437133431963	lightgreen	0
4.963895268437356	2.2861412846781857	lightgreen	0
1.586738301125429	1.671949214327315	lightgreen	0
3.509349935928624	2.3098984286544337	lightgreen	0
3.8592834299810814	2.66988904367192	lightgreen	0
2.808199682852381	1.6043117089394066	lightgreen	0
3.018235169584039	2.5125601815615832	lightgreen	0
4.047278629903684	1.618413046255668	lightgreen	0
4.801173937034663	2.1731170479410515	lightgreen	0
3.4799053146666306	2.3485332952370666	lightgreen	0
3.955178852331492	2.3025418318128352	lightgreen	0
3.128204669715232	2.4365688808906896	lightgreen	0
1.9887979626186774	1.0694445954432497	lightgreen	0
1.6890881766561041	1.8417945495300692	lightgreen	0
4.558575145956213	1.8786913937312657	lightgreen	0
2.5144828729901696	2.2404425690578194	lightgreen	0
2.691993419539405	1.3906267372976822	lightgreen	0
2.549345660997335	1.9057775135874029	lightgreen	0
3.3295971871773227	2.2935085381275644	lightgreen	0
1.3561230322486475	2.5458373939952867	lightgreen	0
1.9146785255708232	2.148681399997604	lightgreen	0
1.5237712499393168	1.978723225395109	lightgreen	0
2.8270280627984974	2.02562776296687	lightgreen	0
1.3146830749757301	2.273369893668584	lightgreen	0
2.5342135384793436	1.6318275248971674	lightgreen	0
1.8531798103277506	2.3332920184069197	lightgreen	0
5.648054912153009	2.265985751150949	lightgreen	0
2.278437709045696	1.801195774990667	lightgreen	0
1.9825861819954609	1.4678502687775459	lightgreen	0
0.6226150898871046	2.2203182776812618	lightgreen	0
1.3950746529767717	2.3380233463370748	lightgreen	0
2.065936264881203	2.1445718012725252	lightgreen	0
3.043069256443188	2.083346797864221	lightgreen	0
2.7998391738718222	1.5677869465140435	lightgreen	0
2.7320442562140674	1.7413774306570804	lightgreen	0
0.7926099090391814	1.4850837986517849	lightgreen	0
3.402801516170685	1.5531796403989806	lightgreen	0
3.6280265549178567	2.0457513219125176	lightgreen	0
5.30992090553417	2.1566134203675738	lightgreen	0
3.332720501692493	1.897646215220821	lightgreen	0
1.3408593587120912	2.000373490649395	lightgreen	0
2.7453185614641655	2.736814533158701	lightgreen	0
2.7864777530984126	1.7159793103080967	lightgreen	0
3.6445221553717877	1.9954968898620624	lightgreen	0
3.1186116849576573	2.2387942770174423	lightgreen	0
3.6715587273379127	1.6025162032710685	lightgreen	0
3.246882187611768	2.4348228882736054	lightgreen	0
2.4969635330091755	1.8476549197865608	lightgreen	0
6.654134112620469	2.1734594250157833	lightgreen	0
5.028961840881097	1.9070221322322993	lightgreen	0
4.005644895578022	1.9724810083472575	lightgreen	0
3.5560482215357245	2.614147468539831	lightgreen	0
1.5237945130322994	1.8146031849347184	lightgreen	0
2.2664037331024858	2.7555739772890866	darkgreen	0
4.74708240272188	1.5696611746368565	darkgreen	0
2.834812389637584	1.8991582770247046	darkgreen	0
2.0547562981074154	2.2679942163305142	darkgreen	0
4.954913113004685	2.6528757185436427	darkgreen	0
3.375733777249044	1.9157732774388363	darkgreen	0
2.4446505643084535	1.9356040701688808	darkgreen	0
3.2161216273667907	2.0342725771136227	darkgreen	0
2.1029927898483165	2.6154996367931362	darkgreen	0
4.164622593945873	1.899345474132984	darkgreen	0
2.292186556958241	1.9231275444852816	darkgreen	0
2.712777685713632	1.4513137247827377	darkgreen	0
3.7087809267999354	1.3942553549443213	darkgreen	0
0.19927788590557904	2.3896486841596527	darkgreen	0
3.780441203257645	2.1748023955034035	darkgreen	0
3.6266677193178	1.897000074256755	darkgreen	0
1.2676373041239029	2.1090431211741043	darkgreen	0
4.997663442004618	2.03961153561352	darkgreen	0
3.6875752546195013	1.2909502348290673	darkgreen	0
2.2127413093496453	1.9949720858615703	darkgreen	0
2.190373418600953	2.4488409840647276	darkgreen	0
4.237075617690124	1.8418308979904137	darkgreen	0
2.6991494046127724	2.2744507930072277	darkgreen	0
4.321346170719745	2.0711097526755644	darkgreen	0
3.1003956858545263	2.14762743145623	darkgreen	0
1.0605395419539891	1.0317126387573217	darkgreen	0
0.8947740673001436	2.2193697138812767	darkgreen	0
0.7300687724016433	1.513734513888607	darkgreen	0
1.939055521762794	2.022539316915237	darkgreen	0
4.346370475601941	1.6909950334474986	darkgreen	0
0.9413315709887033	1.7557538464819535	darkgreen	0
1.0372033595946137	2.11588658801043	darkgreen	0
3.355714840414986	1.9563369707166924	darkgreen	0
4.016595033634775	2.987507846324654	darkgreen	0
0.6631729489147924	2.6817767675078605	darkgreen	0
2.937081532898859	1.8865907302311422	darkgreen	0
2.9657862442860337	2.406217490129347	darkgreen	0
5.401449401405635	1.2117661451267399	darkgreen	0
4.235495457635987	1.80660043165851	darkgreen	0
2.3645976025734745	2.3702665705148642	darkgreen	0
2.4635903704221054	1.9321800383020318	darkgreen	0
2.990188183461351	1.7645395938080435	darkgreen	0
5.032623192895224	1.9101433930343394	darkgreen	0
2.5444798217782587	2.4738921811585572	darkgreen	0
0.5798460333606172	2.016276163507996	darkgreen	0
2.6881233400099562	1.8298964130359798	darkgreen	0
4.320322592070998	1.4022178585813474	darkgreen	0
4.271491903202521	2.578396710776743	darkgreen	0
3.0593390505142373	1.563279869860493	darkgreen	0
4.051579104441169	2.220159192281394	darkgreen	0
3.415380882991794	2.140298763757553	darkgreen	0
3.8699504272247918	2.5672207686236748	darkgreen	0
3.2173564174902634	2.1661374496662202	darkgreen	0
3.36225622538541	2.5303164470851702	darkgreen	0
1.047156544839625	1.6692350103349225	darkgreen	0
2.0521588081403106	1.5034697315356966	darkgreen	0
4.2837461203228475	1.8419961819416653	darkgreen	0
3.3883994673723654	1.7089181369295579	darkgreen	0
2.6958033366156626	2.691379747165031	darkgreen	0
3.7155781829564343	2.0122628819343427	darkgreen	0
0.3376054502183323	2.121488506617464	darkgreen	0
7.041932330286264	2.258824670566194	darkgreen	0
4.2942151197811285	1.890985976962093	darkgreen	0
5.265052667273745	2.039393696837768	darkgreen	0
4.204166497174189	2.2364205545147096	darkgreen	0
2.8379029525428954	1.6449150499602772	darkgreen	0
2.065674707938415	1.7283224072574352	darkgreen	0
3.4046177789420264	2.362008862922303	darkgreen	0
0.9618290887181904	2.1568046275833255	darkgreen	0
1.435239939889703	1.8257633581312658	darkgreen	0
3.4769762698505047	2.0884667587483063	darkgreen	0
4.008035451154729	2.0217014356569427	darkgreen	0
5.12355821041257	2.371405678265744	darkgreen	0
2.821628873771421	1.5249192192634875	darkgreen	0
4.809914327829079	1.3173632216949143	darkgreen	0
4.355678239558907	2.059798978104511	darkgreen	0
4.7789749515801825	1.2772866160908949	darkgreen	0
2.8580370043151073	1.840650787805422	darkgreen	0
1.3949849336142117	2.1606070501012224	darkgreen	0
2.2581321955067226	2.253986117821119	darkgreen	0
1.0931411930512376	1.5848896746620589	darkgreen	0
2.784552509662964	2.030157707147752	darkgreen	0
2.1908899845061156	2.143454836082182	darkgreen	0
1.665207682712312	1.8755481928281477	darkgreen	0
3.9772369345825993	1.9987658415807188	darkgreen	0
3.51840626030286	2.1047050834489247	darkgreen	0
2.119244605815409	2.192139991264458	darkgreen	0
3.8861505643834953	2.0570887718552986	darkgreen	0
3.6915849242567944	2.0384118081429583	darkgreen	0
2.1467628255120026	2.1172257015133993	darkgreen	0
3.0145344755196946	1.8584742783240682	darkgreen	0
3.9010750521495643	1.8820978335651561	darkgreen	0
2.2980618715414476	2.3814679245559027	darkgreen	0
4.4472449271031005	2.023275850624034	darkgreen	0
0.6701981245095396	1.8501896103342315	darkgreen	0
5.043393434844987	1.7838367631008776	darkgreen	0
3.4152686441734743	2.2092252355943227	darkgreen	0
1.7909739585220463	1.5861857368162102	darkgreen	0
1.7371249159665498	2.130059611982187	darkgreen	0
3.660304231257463	2.172644902855107	darkgreen	0
3.0998463864143195	2.08218352948959	darkgreen	0
0.925963552658791	1.5758512133827103	darkgreen	0
1.6117344078934022	2.464339736765589	darkgreen	0
2.4853633537417337	1.9537834183896643	darkgreen	0
3.522558128514256	1.8821106041033535	darkgreen	0
3.19645247077312	2.324695550203662	darkgreen	0
3.0786465193947223	1.4583758550944264	darkgreen	0
2.1232448318298887	2.13966220788087	darkgreen	0
5.526612364406867	2.3407336487070896	darkgreen	0
5.471158069725534	2.3094024533460633	darkgreen	0
1.4395565115786553	2.02158293743154	darkgreen	0
5.328526598306124	2.759988831670289	darkgreen	0
2.447442755912044	1.741244308243573	darkgreen	0
2.6509412177929867	2.201789312464513	darkgreen	0
3.1422003054048933	2.095091501762022	darkgreen	0
2.054660564600408	1.6955690143031434	darkgreen	0
1.1316865252588517	2.0097236958917732	darkgreen	0
4.027886126255104	2.2666446556177196	darkgreen	0
2.9083767886757554	2.393225296002835	darkgreen	0
2.5459518328114576	1.9633076564943386	darkgreen	0
1.1102146314339527	2.0538045643491785	darkgreen	0
1.8911328160178777	1.8722366111503632	darkgreen	0
1.6167074230928637	2.297313743126426	darkgreen	0
3.029601489395565	1.7801525954817907	darkgreen	0
5.643193509101119	1.82560709177118	darkgreen	0
4.663945940054151	1.7173796604500144	darkgreen	0
3.021687266698216	2.6732096215329775	darkgreen	0
2.849235243715986	2.1734442839972203	darkgreen	0
4.42278793149319	2.2311469066712117	darkgreen	0
1.9758520552239094	1.830444946045993	darkgreen	0
2.7760724191166006	1.9260594599023182	darkgreen	0
3.3376365978273865	1.7839898842366588	darkgreen	0
3.9099302474015447	2.432475748029611	darkgreen	0
4.883414719363646	2.0692163656873865	darkgreen	0
1.5470623422503176	1.7831300655380395	darkgreen	0
2.8999999717643314	1.7211911275722982	darkgreen	0
1.093266497551315	1.3895900044426723	darkgreen	0
0.8127487844224377	2.0993084055902997	darkgreen	0
5.5006047972615875	1.8566161550428057	darkgreen	0
1.0986374830891046	1.3761010852010813	darkgreen	0
0.8363153539366817	1.4756619564887945	darkgreen	0
2.617672554341237	2.009322559496828	darkgreen	0
0.58036607723048	1.3141996445610116	darkgreen	0
0.272556011376095	1.9654932071299145	darkgreen	0
5.517703352170818	1.7477245935235952	darkgreen	0
1.5789304185285393	1.8267073360430237	darkgreen	0
5.94391447855824	2.1110503389657014	darkgreen	0
0.22638281822811335	2.20282271712708	darkgreen	0
2.8654959931945685	1.5516773751986128	darkgreen	0
4.030069217969317	1.9745112410638253	darkgreen	0
3.691177041766661	1.8363053767321542	darkgreen	0
4.388197583802727	2.023566793903325	darkgreen	0
1.6122705972499525	2.035532872357489	darkgreen	0
2.9009484069362665	1.9856446387375268	darkgreen	0
1.6968650156057938	2.7881557386109233	darkgreen	0
1.551885280178513	2.0909820577233784	darkgreen	0
2.6956600689951347	1.8515743735963723	darkgreen	0
1.9074788650523133	4.681422257216644	brown	1
0.3606746132175669	3.3724487958329066	brown	1
2.294849929120476	4.325586590475937	brown	1
1.9764875843778198	1.5918487475485397	brown	1
1.6698365194114853	3.0057126537920134	brown	1
3.3166860177203237	4.513760551077519	brown	1
1.7475338868722528	3.6890479312609217	brown	1
1.498655275051001	3.9492047612160146	brown	1
2.198085410507046	5.261326220898951	brown	1
1.4196083492448468	4.896079604716554	brown	1
3.5742859935457894	3.9017696200770615	brown	1
3.2557125703373626	4.465229363263388	brown	1
1.303151960695692	2.145948819261574	brown	1
2.864881176468603	4.690301384123385	brown	1
0.9640856684873429	4.418641701144721	brown	1
2.4129398782169567	2.832539191434275	brown	1
1.8984248229602552	4.426584456748821	brown	1
0.9313339603787532	2.678349023165551	brown	1
1.6264347043322418	2.8300312285515563	brown	1
1.0257055321582929	2.5786305549195845	brown	1
2.5842293462426613	3.8927425936932822	cyan	1
1.340513491488346	3.577514871107618	cyan	1
2.1352554368954966	2.8120235936597924	cyan	1
0.5137142875697189	4.4915981440862565	cyan	1
3.6169026927862244	4.280994730493551	cyan	1
1.3884857114536695	3.8383797066949072	cyan	1
1.1856214214946155	4.190373070799504	cyan	1
0.31508960472799585	3.454428843563923	cyan	1
1.0407164653495267	3.2442720397081053	cyan	1
0.0631193285354239	3.8480036613112736	cyan	1
1.0991250488387894	4.574526238128581	cyan	1
1.1550103203673676	3.2985549397071594	cyan	1
4.823772485286762	4.309153972853651	cyan	1
1.8532940485746443	4.615956977473568	cyan	1
0.9241264916172525	6.095829640066026	cyan	1
1.2162657103286558	3.3805377098201297	cyan	1
1.9466542898895884	2.9400521339382593	cyan	1
1.7703302926146907	3.519483105438386	cyan	1
3.2711608674327786	5.338105795097353	cyan	1
2.443668753847698	5.844501710960584	cyan	1
0.6692037258209151	3.7909026193501707	cyan	1
1.2481574634863257	4.791030227002391	cyan	1
2.086976776554903	4.357550717505849	cyan	1
1.9117540915921196	2.680484599036184	cyan	1
2.109449711779309	5.399960608307836	cyan	1
1.2754944912008392	4.4692060865503205	cyan	1
0.2706564959127147	4.050545547597543	cyan	1
0.3465444500148862	2.9664509681740285	cyan	1
0.05459119105657284	2.008414033923654	cyan	1
2.6566967639775507	4.1208078500009115	cyan	1
1.7920093141394184	7.035172410750368	cyan	1
2.676943108434809	4.745528551671548	cyan	1
1.9791975799845793	3.0494026091650044	cyan	1
1.4076259710290162	3.019870059664952	cyan	1
2.0754006976478356	3.265032358116533	cyan	1
1.6952680584560302	3.1271530487494195	cyan	1
3.4984215421979075	3.2523336606183553	cyan	1
0.12206449194362068	4.49676310289404	cyan	1
1.0628576892841588	4.135429928449541	cyan	1
2.8792364696203716	5.338411747048699	cyan	1
3.395189519273747	1.9150790687559147	cyan	1
2.979325665358565	4.066689833164739	cyan	1
2.3178777695627235	5.1262789335410845	cyan	1
1.8220238413225252	2.9742097382937676	cyan	1
3.3577663322292253	2.8941714243257364	cyan	1
4.177890430458893	3.8721664825763904	cyan	1
0.1711110627022545	5.318223849227805	cyan	1
2.172922686422646	5.175231207619806	cyan	1
0.5044563756043583	5.113722730012982	cyan	1
2.978518809436586	5.205964344815819	cyan	1
1.9041982833113726	5.40530019048593	cyan	1
0.8684246323093103	3.395497738832612	cyan	1
2.337658253706104	4.606554905452625	cyan	1
0.17231714477854032	4.280763912841401	cyan	1
1.8034091984427907	2.7673367827823627	cyan	1
1.9705633778255076	4.118731818250537	cyan	1
3.5480707815401114	2.683867965357185	cyan	1
4.090917071763413	4.6893007114173315	cyan	1
1.7581332727075574	4.730736177352266	cyan	1
0.9087066323993467	4.310775189522681	cyan	1
3.4616095639971878	5.6705432284801205	cyan	1
3.4104896252026635	3.871623208184925	cyan	1
2.950000907658157	3.9196249964708767	cyan	1
3.3257594586562655	3.3199753913157264	cyan	1
1.8216704259447385	3.5347215135163372	cyan	1
1.2358016058086552	4.621086948530535	cyan	1
3.7656964948455744	4.303106792167263	cyan	1
2.8165161632432096	4.84714602875648	cyan	1
2.571233317075939	4.292778199401293	cyan	1
1.166499623475691	4.516634615181045	cyan	1
2.0075530139007434	3.0103707115463885	cyan	1
0.523588034608427	5.617209704703692	cyan	1
2.4534918926462335	4.554547765109973	cyan	1
2.043822330638848	3.672369839209111	cyan	1
2.0431079216627235	3.986483308027599	cyan	1
2.74320307179456	5.30443608766088	cyan	1
2.1427059813619698	3.6070853966072525	cyan	1
1.6173865110061523	3.372548320108686	cyan	1
1.907108293673865	3.523744294658146	cyan	1
3.7609492848806627	2.765952877072511	cyan	1
1.1714292119876704	4.713678983770326	cyan	1
3.875889084065286	2.796275332276843	cyan	1
2.6277880410195316	3.454159166405545	cyan	1
0.2574775008098056	3.2833213487940376	cyan	1
2.0771191188735396	5.541740617204759	cyan	1
1.8033877417010145	3.3678038140394233	cyan	1
0.7170225331084921	3.6432461075862963	cyan	1
0.8877887308869912	4.413583106598259	cyan	1
1.9364406866888386	3.0734348962231777	cyan	1
1.3506229872574451	4.0202515080600705	cyan	1
2.205155631953789	3.531701059332255	cyan	1
2.3380215595243627	5.245954526621364	cyan	1
2.569245536015911	4.106172482177927	cyan	1
1.5279669801669007	3.923599773359794	cyan	1
2.855230413056608	3.6737464208570962	cyan	1
0.36102382447430736	5.140955693873276	cyan	1
4.5310215629691335	3.8755715905119223	cyan	1
1.4969710386376378	4.32594179238008	cyan	1
1.2072156466200865	2.960363074948237	cyan	1
1.720349625109879	4.714241859626775	cyan	1
3.1866171868668713	4.468529430430845	cyan	1
2.0639561050633497	3.3313560652406187	cyan	1
1.7640282495393027	5.028356795994394	cyan	1
1.2942671577319897	4.04041943945553	cyan	1
2.5719603374172606	3.53049089913638	cyan	1
1.0811882853866908	3.614737477832755	cyan	1
1.2905310998715942	5.079466943642183	cyan	1
2.510526406029033	3.8546549406118826	cyan	1
0.6705818800353756	3.7725746909599676	cyan	1
3.169928959440365	4.177159521701705	cyan	1
3.0380657013291756	4.991767751930576	cyan	1
0.882898283435158	5.593926240968287	cyan	1
2.1426008097001503	3.3276029359226005	cyan	1
-0.06109713298915853	2.6194083536066266	cyan	1
2.835579123100858	4.222098317577116	cyan	1
1.569636055289964	3.7820175263095424	cyan	1
0.9686896601771275	2.7777586318447764	cyan	1
0.43124098362704677	5.329654174186379	cyan	1
2.765621647213266	4.497250288438459	cyan	1
2.549620769585972	4.327692374631118	cyan	1
0.20686331405355962	3.0777232138116672	cyan	1
2.304047802002706	4.992249309651725	cyan	1
2.224836571393331	4.623775568273535	cyan	1
2.541033922673801	3.896228669258751	cyan	1
2.1921014542673642	3.748441168776608	cyan	1
2.3646643498003734	4.107718429372657	cyan	1
2.091985543648604	3.2623936022766244	cyan	1
1.9309220565048468	2.6060590187064	cyan	1
1.209406605538259	5.384599050193188	cyan	1
1.4826222684093318	2.9832972726960882	cyan	1
2.3368509189592	2.5996138854063013	cyan	1
1.5153198258466587	3.651350123557519	cyan	1
2.7829038598446236	3.932540446411657	cyan	1
1.2470280595819105	2.99781652437082	cyan	1
3.150359772226708	4.5172744758533705	cyan	1
2.244487939086986	4.2686840667648	cyan	1
2.6300357679480912	3.9851203085500244	cyan	1
1.7004386586685725	2.5087319061331455	cyan	1
1.6533713145137292	4.071327446110646	cyan	1
4.074123016504457	2.479556857258655	cyan	1
2.4066637053103896	3.189912773164899	cyan	1
2.5974299797842044	5.973687313148948	cyan	1
1.8941672296189231	3.5331023982048873	cyan	1
3.601965574485436	3.8348175081913705	cyan	1
2.8014510342728336	1.2490969072144207	cyan	1
1.0869173247580568	4.482944204170429	cyan	1
2.3556360868177095	5.762279492452196	cyan	1
1.7313299042524264	5.840414207669783	cyan	1
2.1857060758245925	3.2074680648662413	cyan	1
2.135868793405615	5.149410592310128	cyan	1
2.705067061315267	4.3132406860917225	cyan	1
1.8168033447453307	4.058499771743856	cyan	1
2.5519320575457423	4.794429116892549	cyan	1
3.2443374959554077	2.6213387464428424	cyan	1
0.8967302414790526	6.2246059135463785	cyan	1
2.6099447712296464	3.8767405863245807	cyan	1
2.4086824557953888	4.563603076961625	cyan	1
3.4474501584533854	4.293585503342836	cyan	1
2.6440515630228716	4.1778446329270915	cyan	1
1.5452118278085714	5.613077728293825	cyan	1
1.6373077806664282	4.476149789921208	cyan	1
4.237125587380677	3.1464141121516835	cyan	1
0.9379526261900129	4.238569267542836	cyan	1
1.4897477902194978	2.570008150139604	cyan	1
1.5010469722442892	3.006712672851374	cyan	1
2.024749751095207	2.7564741195836158	cyan	1
2.5381090871946537	5.40220856404523	cyan	1
3.508495962791356	4.458301336867103	cyan	1
1.9672593244944436	4.066578813822021	cyan	1
1.8296573870991613	1.979231268759856	cyan	1
2.3353845529004995	3.846516993033576	cyan	1
2.502758398232129	3.529133507811782	cyan	1
3.4395671258069047	2.781885730907698	cyan	1
0.39454820857545836	3.873550349692036	cyan	1
1.8704651187724362	4.895116088580395	cyan	1
2.9549771901615096	5.607726907628686	cyan	1
1.3577245452277669	5.503740931059991	cyan	1
1.9160910338348824	3.5100925210431337	cyan	1
2.956792515358118	3.168613696900024	cyan	1
1.6872253616282473	4.4674784712597795	cyan	1
4.036864474078475	4.987749641272295	brown	2
3.7219598198949844	4.26001089865517	brown	2
3.5164618787737094	3.2191865720272204	brown	2
3.8178425358898527	3.84856411750642	brown	2
4.252315785530811	4.957980970955185	brown	2
4.775091383063976	5.2980690906010555	brown	2
4.612905865582892	2.386675363278228	brown	2
2.3812841122104293	4.003522506552266	brown	2
4.057051240200205	4.7610119364136265	brown	2
3.748026822298866	6.408985608084976	brown	2
4.128431443701471	3.0459611354195273	brown	2
3.3564741376955527	4.5738679098608594	brown	2
3.5025682999713137	4.960019354346092	brown	2
3.323737901118754	4.426252573877968	brown	2
4.923479816526406	3.788459552545925	brown	2
5.593759750621557	3.977353228899078	brown	2
3.7680327791430344	4.385472411231657	brown	2
4.320222224088008	4.25753248042473	brown	2
3.3510504360872355	4.1278707328997735	brown	2
4.856977210214875	3.511919267803058	brown	2
3.803366526015172	4.173312271719821	brown	2
4.424386122845187	3.55037542559112	brown	2
3.2245154515064156	4.2685093045039135	brown	2
4.174550207209369	3.946490354771556	brown	2
2.318918604337845	3.960825118033352	brown	2
2.609371286502501	4.093822129226031	brown	2
3.00245306512178	4.435996767531169	brown	2
3.1718167952960323	4.385738964243259	brown	2
3.5841371911384403	4.641027586791641	brown	2
2.8760763521296213	4.002195454752654	brown	2
4.205561955522648	4.801980024490755	brown	2
4.159158405173583	4.237745659319475	brown	2
2.7324564173253343	4.449673184548346	brown	2
3.967345657011582	4.1741793112210095	brown	2
3.476933818658448	3.2807655087329644	brown	2
4.004443667637227	3.1832508277369	brown	2
3.5153955823867182	2.8180058786560176	brown	2
2.745570268727687	2.949610193483002	brown	2
3.0149476392578505	4.919038836088668	brown	2
4.269655636893869	3.28546631839082	brown	2
4.196784152140042	2.0754372578015428	brown	2
3.117228363945944	2.490833532653582	brown	2
3.2962787170392307	3.4999339685593167	brown	2
5.555923779533584	4.636091512990602	brown	2
4.1882207720028966	3.2415552998171293	brown	2
4.314729231487656	3.2242070819057846	brown	2
4.200189981605778	5.485019275501252	brown	2
4.020391330578596	2.903168575010648	brown	2
4.3409930189141175	5.652254992578051	brown	2
4.021287760420116	3.5409080534238635	brown	2
4.037384591649989	3.395243969085696	brown	2
3.659428165764743	4.244511024079654	brown	2
4.515370823747756	4.733858300711933	brown	2
2.999154995624594	2.881886996076869	brown	2
4.443416378261601	4.458920014630673	brown	2
4.486920736157753	4.7059838243054894	brown	2
3.971241861469177	2.874314710461613	brown	2
2.6590752205930075	2.7424453264346855	brown	2
2.1711699504462034	5.021787395861302	brown	2
3.504200377287623	4.5889417119856155	brown	2
3.19974982837125	2.5661965221575995	rose	2
4.504962711731203	3.2392242487352263	rose	2
1.810227793577686	2.881742158843977	rose	2
2.3201468624216677	4.128352706583506	rose	2
4.39635609937991	5.113034336272346	rose	2
3.888857783181362	4.900911286379938	rose	2
3.431607537678573	4.735602125798046	rose	2
1.8122278409635588	4.222543743324253	rose	2
4.383892133512675	4.58475416908966	rose	2
3.3525894816144968	3.360651896730018	rose	2
2.9455823254773232	3.9862758234309146	rose	2
4.353583931197459	3.3896805395260263	rose	2
4.422873243170412	3.1499688619878508	rose	2
3.213998191587969	4.133193834335639	rose	2
4.985402041941927	4.430967116490337	rose	2
4.859718517188698	5.507846584258255	rose	2
5.226338790638238	3.5257449828268226	rose	2
4.715628563367288	4.521344499949725	rose	2
3.3741908228106565	4.720018579468456	rose	2
3.7469942251527217	4.382987221278738	rose	2
1.9423609466339458	2.3976835435232533	rose	2
3.6693938117749108	3.116719160341816	rose	2
3.5463414512422258	5.689424404491097	rose	2
4.397889684531953	2.037073911616574	rose	2
3.99057745760123	4.1943092722830375	rose	2
3.493125878628268	3.589681336344638	rose	2
4.229963693538305	4.835306561891107	rose	2
4.900859137275052	3.6446624506344922	rose	2
4.275406930617427	4.165508958611205	rose	2
5.045434390074726	3.505110081458751	rose	2
3.7741137908876286	4.1378972279665485	rose	2
4.531044050613755	3.8798041205644105	rose	2
4.500912915675034	5.222576682993813	rose	2
5.177314507371274	4.190274584452287	rose	2
3.7970244791442664	4.216609105669886	rose	2
3.4291708800393064	5.137120670533886	rose	2
6.245929911342875	5.115069291760402	rose	2
4.21033219676755	5.263986715831333	rose	2
3.8016134022871215	5.639405184891799	rose	2
3.2630255782612867	2.6036901704187367	rose	2
5.017124519479879	4.628846570850077	rose	2
4.836221924848051	4.320052342034032	rose	2
2.6922998341804987	4.522442810506421	rose	2
4.601469612170714	4.893712640097252	rose	2
4.4706015054192125	3.605693286349541	rose	2
3.634732768803118	4.584728903926686	rose	2
6.228375519399579	3.7895231003753316	rose	2
4.083505631965486	4.298384398754337	rose	2
4.742043509134792	5.067093183949839	rose	2
3.941410641691015	4.996263442566905	rose	2
5.576953069390309	3.2792932673373754	rose	2
3.4879980811072864	4.484763390506851	rose	2
5.207986788021621	2.6221959122253873	rose	2
2.4334776893745818	4.14612096775784	rose	2
2.958557433311836	3.532119853769174	rose	2
3.219872582998301	3.853038807322944	rose	2
4.946334350660076	2.913750343590898	rose	2
3.4924222332439667	2.8260508395188273	rose	2
6.303102180314321	4.49725814949836	rose	2
4.280003443489562	4.846195479402831	rose	2
3.593396397820126	4.14212416805573	rose	2
3.7232295719934254	3.411827178930878	rose	2
5.001419699943341	2.7543932543908083	rose	2
5.147619154354117	4.750949792508063	rose	2
4.53028648316444	3.5281520236115185	rose	2
3.939248773305623	3.9698876284067097	rose	2
5.6017582464992595	1.9731505416764432	rose	2
4.509533942240907	4.7400487477246696	rose	2
4.8289907547053135	3.736201709311459	rose	2
3.877557933919939	3.2658554334891137	rose	2
5.685319882266887	2.741618923709452	rose	2
5.144468873625803	3.046342134185445	rose	2
4.556451958506417	3.657517226772813	rose	2
3.5790187630861583	5.294689689505624	rose	2
4.78010935198329	4.374457388734225	rose	2
4.630672229929645	4.643094682467561	rose	2
3.587468189915926	4.1467046840014525	rose	2
4.834671426012219	5.1679576017334785	rose	2
5.387877902150523	3.1201512577320516	rose	2
5.308329178940703	2.9161881462295276	rose	2
4.465223406342607	5.262290477310718	rose	2
3.8001907458718267	3.4150503201377074	rose	2
5.0633015009215026	4.624800142309734	rose	2
3.873900865899842	2.891468631658493	rose	2
4.543025854865651	4.17684811411782	rose	2
4.058105774893428	3.6275722008551163	rose	2
3.8579815602054897	5.60705430399282	rose	2
3.5128155861935277	3.5816377750658424	rose	2
3.302363452731652	2.7870882126211343	rose	2
4.6406167509942815	3.402185830177958	rose	2
4.783181252157719	4.846300441998774	rose	2
3.611662012424523	3.722433060136317	rose	2
4.090546719935422	3.642192035625891	rose	2
3.7635160848056737	3.6485768495464743	rose	2
2.2102749761659544	3.8769260080833514	rose	2
5.1159791665059675	4.387902005803737	rose	2
3.3820938433473637	3.2268117298619474	rose	2
2.944967329599188	5.372344760557592	rose	2
3.4584489251587875	4.4825459235595355	rose	2
4.416118619870913	3.9962115696512144	rose	2
3.860372385466829	5.466486520337903	rose	2
3.810209347436879	3.98677237248485	rose	2
3.5003642068908642	4.593392891641317	rose	2
2.858415921305884	3.162299790970246	rose	2
6.1045910770687115	2.8734224080726087	rose	2
5.271249525286965	5.078026046761076	rose	2
4.323501573508008	3.2971729822680036	rose	2
3.568508161002296	4.143919650841094	rose	2
3.4812571015783345	3.6879193003452433	rose	2
3.336671450576864	2.9850118733837308	rose	2
4.434008146252277	3.938762416391044	rose	2
1.9766246833519552	4.512092719339151	rose	2
4.165031889045867	5.106461249430857	rose	2
3.747932347544809	4.2315114122945445	rose	2
3.726313550026788	4.091415888375866	rose	2
4.488340150119662	4.769364818916919	rose	2
5.241453362699728	4.691799709945731	rose	2
4.040113001209382	4.529708189765687	rose	2
4.869669683568746	4.508861532977743	rose	2
4.424980003373967	4.320778198439806	rose	2
5.771691436349408	4.956127945267249	rose	2
2.90866431507894	3.555177783645047	rose	2
3.0615862420168916	5.7795235106925125	rose	2
3.100662302299449	2.1567020064231937	rose	2
4.70151902113353	1.0248468890588316	rose	2
4.465611623851593	2.5640326082622424	rose	2
3.812819766970119	5.192174130015069	rose	2
5.10699517875042	3.548514118117145	rose	2
3.859827681751831	3.9471005970221213	rose	2
4.31989860018148	4.635089177100294	rose	2
3.9401425268818002	5.086880212394517	rose	2
1.4505150706874148	4.489090442115915	rose	2
4.112613001163511	4.882763776454362	rose	2
2.3863130640492836	4.555377253673992	rose	2
5.141266000788164	4.224239036545378	rose	2
4.467595823616241	5.651427507901066	rose	2
4.521895063725423	4.512294951612608	rose	2
3.5387527186482237	3.357470324910582	rose	2
3.1465412604701175	3.9058598671117384	rose	2
4.109116329037339	4.040854525632317	rose	2
2.549251879882222	4.526362433975919	rose	2
4.1405284262215805	4.829700311590759	rose	2
2.351722872036196	3.492635591594839	rose	2
2.648546331797159	4.698577991891725	rose	2
3.9046409856854516	4.187412803829391	rose	2
5.722683419124094	4.018977904164946	rose	2
3.180343802727579	3.7192439113563465	rose	2
3.5995664736205706	3.9898320907206704	rose	2
4.2805278524773644	4.527356762854308	rose	2
3.2068415003024224	2.347297695068961	rose	2
2.963286713024894	2.7528343019902857	rose	2
5.24310139847263	4.439215151958194	rose	2
3.714723836061778	1.6948118042222595	rose	2
4.7144457775173185	3.970969031029885	rose	2
4.777770364770707	4.305531443928396	rose	2
4.428241778394172	4.927037706386508	rose	2
5.504622366401434	3.9030628024849117	rose	2
4.4515001846303734	4.249520014432888	rose	2
3.225906227616711	3.128407334998122	rose	2
2.590441879628827	5.190568991274715	rose	2
4.701850259615899	4.225506109576325	rose	2
2.38022013606406	5.847777282422664	rose	2
3.9431445010854875	4.171171764876867	rose	2
3.7899436649814757	3.074369111130899	rose	2
4.022301916487566	3.4455425015616052	rose	2
5.53350015159767	4.0037835449558195	rose	2
4.31543778912026	5.82303845627645	rose	2
4.901724895712231	5.070350951332551	rose	2
5.791504699104987	5.126821091530615	rose	2
2.9836528783778626	3.483207543907703	rose	2
3.264311260965054	3.7771840143072892	rose	2
2.568073493160874	3.4931826723802706	rose	2
4.643636217486553	3.642849215550858	rose	2
4.598234462729925	5.943555920727896	rose	2
2.689166830386063	3.474283372340714	rose	2
3.178013349249584	3.293142047790832	rose	2
3.7840305472899964	3.442857499909546	rose	2
3.7741964236174326	3.5739776057991666	rose	2
4.104734489507284	2.9031972033325557	rose	2
3.767798952708296	3.437819567412081	rose	2
4.230774791206694	2.717541598706317	rose	2
4.8933630694589505	4.0714995750828455	rose	2
4.86997714692139	2.7948951748351307	rose	2
4.120682295721042	5.4513593473706905	rose	2
4.610590653745968	4.554574797720085	rose	2
4.442487472731353	3.810835047223485	rose	2
4.085038898698354	3.83088578988498	rose	2
3.9139187323238374	3.412430293587869	rose	2
4.2810818238780515	5.355427520660436	rose	2
3.404847989713681	4.264707550861415	rose	2
4.808907735535736	1.4524827513000922	rose	2
3.6492513912163425	4.042957699928817	rose	2
2.7460404289023774	4.841664615187241	rose	2
4.229462662250935	4.751209250868399	rose	2
2.939922750255972	4.923897241393546	rose	2
4.679871878936681	4.134231266917642	rose	2
3.2754637741527266	3.471962706474915	rose	2
4.479458498133806	2.66666767335019	rose	2
5.548687826573769	4.715044460098268	rose	2
3.0900250145205854	4.012453085314917	rose	2
3.7460872606342486	5.372355015548474	rose	2
4.525980024845493	5.17689321593657	rose	2
2.610248335936065	6.569578750730551	rose	2
4.165779707006513	5.065755103129994	rose	2
3.7293739682122973	2.801374770813564	rose	2
3.476174895685887	4.2748444184640535	rose	2
4.597612378535658	2.275778061492319	rose	2
4.235686749887991	1.2963123737535565	rose	2
2.955990565337402	3.6333902195271754	rose	2
4.272152518124031	3.9291775871120547	rose	2
2.86858597709355	2.1403743494360272	rose	2
2.5707350592902323	3.9998386829439703	rose	2
4.443022934152831	3.479631359945057	rose	2
2.7046676359824398	2.6344971487669033	rose	2
4.348281539143712	3.3072664638177476	rose	2
5.283172653481266	5.498857570285589	rose	2
3.616420210868801	4.3013288639919045	rose	2
4.868264718503787	4.622588154318249	purple	2
3.648644483686579	4.080642733242858	purple	2
4.298652378490061	5.294084579118727	purple	2
4.810833095784627	5.345445609025069	purple	2
1.7458898317159628	5.231687815100546	purple	2
2.3754513687653196	5.1763770603300046	purple	2
3.96598034814549	3.560684826235248	purple	2
4.192982375318266	6.134977954614092	purple	2
2.2767679191075803	5.7277971108495285	purple	2
3.3020421844183763	4.117240026831984	purple	2
3.751714006198333	5.413940152687637	purple	2
4.330068823830573	4.136508937867114	purple	2
2.4729880295747337	3.8484249893114395	purple	2
3.5413055483730433	4.4211068025335	purple	2
3.846397957894611	3.5468358659731005	purple	2
3.1716578738439782	3.339992347378187	purple	2
3.092270535645417	5.20751233983105	purple	2
3.7185575184594564	4.223284858585816	purple	2
4.8831866225583695	3.191923452459406	purple	2
3.5954428878257287	3.560093141988917	purple	2
3.7854567282446023	6.484107509923825	purple	2
3.245713943900744	4.991721210807945	purple	2
4.420685760920019	3.772260418588254	purple	2
3.7065414242348638	6.410335032363292	purple	2
2.27228620624043	2.57336472799233	purple	2
4.797054729443964	4.214773522363703	purple	2
4.7923538315496526	5.244855075365435	purple	2
4.207784475555202	3.5402794014276666	purple	2
4.617797554729162	4.314730814774251	purple	2
3.120507472855513	3.996958484007144	purple	2
3.7700539513621787	2.8388971437219475	purple	2
3.3488382170456727	1.5878312286100567	purple	2
4.124626979644721	2.7784111798114224	purple	2
3.392850201305176	4.553765678403854	purple	2
3.8268506247982588	3.951464419158781	purple	2
3.894786250746846	5.474285113406722	purple	2
3.213855785941957	3.7701000149492163	purple	2
3.0279065706410146	3.597882885776894	purple	2
4.317242051973967	3.5261414230586654	purple	2
4.747558702109967	3.4430650014496225	purple	2
6.609267827358735	5.272283461247894	purple	2
4.571220320937934	2.287889423187951	purple	2
6.373072893392581	3.9098261708885125	purple	2
4.60910101389077	3.5923952550337415	purple	2
4.991382724109287	2.686853071870435	purple	2
4.1536132783242286	4.275349633511925	purple	2
1.5964163979458301	4.635026084233503	purple	2
5.275121628024017	4.041826824438707	purple	2
4.524620875182013	5.9009407802437215	purple	2
5.099132279173194	2.5279783158126117	purple	2
5.250597364652415	3.813420975779586	purple	2
2.796987802730345	2.531339058693624	purple	2
4.246337361694455	3.7995011394601335	purple	2
5.003338040216379	3.5595896039719332	purple	2
3.3224708086224704	3.753729246468915	purple	2
3.4342113153845313	3.293860113520073	purple	2
5.150548332016509	4.52898151081842	purple	2
2.6072168922956522	3.607169221983804	purple	2
4.6995654336633415	3.974034431088364	purple	2
4.575883934393952	4.480406509529098	purple	2
2.759885573138156	4.833844429443603	purple	2
5.586292011448994	3.4102695100463523	purple	2
3.5527631963801722	3.761521376283207	purple	2
3.8521381676025506	5.559875864401899	purple	2
3.598418429152863	3.7299526054228966	purple	2
2.4429042345813166	4.7766443667002525	purple	2
3.512360354800519	2.4486761639115597	purple	2
4.569305159497246	3.4560916507199146	purple	2
2.9948466568862697	4.8000383260796315	purple	2
4.474958922380834	2.261557336831558	purple	2
4.815888633869321	2.2999179518868558	purple	2
4.783670848543446	3.818422037365088	purple	2
5.00290157449441	4.075529192425984	purple	2
2.2763003903137458	2.6444425669936997	purple	2
4.811497163534789	4.528854828132798	purple	2
4.074906652945157	3.2971776751955137	purple	2
4.402850534200006	3.9674807787903266	purple	2
5.026058687547426	4.688671133298324	purple	2
2.1062768544286854	6.304667523764033	purple	2
5.114115409162132	4.843981843126382	purple	2
1.8521101637316386	1.884286739817767	purple	2
4.528189083665307	4.099120586861304	purple	2
4.5981580331650065	2.903890371595006	purple	2
1.6051426134998144	3.633983762859339	purple	2
3.8997574159564508	3.5744307036645346	purple	2
3.322594690449102	4.188835538751163	purple	2
4.475018329129054	4.663172504483749	purple	2
5.1543003890339	3.0781593367081292	purple	2
4.136427069772705	5.794944262869669	purple	2
2.1615288789165676	4.374774012133738	purple	2
2.857997888459935	5.379407883194864	purple	2
5.751611670504734	6.460376040488336	purple	2
4.838231313651597	5.076964994572948	purple	2
3.3451434698006333	4.229009930932853	purple	2
3.686561818320893	5.18393103589526	purple	2
3.306298893967524	4.4171028546110795	purple	2
3.4750281068769002	5.007866626760573	purple	2
3.138801816071288	3.1076738331344824	purple	2
1.63632027859307	3.532718124184698	purple	2
3.5044339483557914	2.9503143500442306	purple	2
3.1429521671038776	4.614245657153969	purple	2
4.089200462509396	4.129281393481605	purple	2
2.4597319937339774	3.632349475848059	purple	2
3.7398071786869296	2.090174631741836	purple	2
2.2020256495045216	3.914166502376565	purple	2
2.760398610644788	5.652213562833497	purple	2
4.925708198294572	3.137476202271663	purple	2
2.9888984894330046	3.2528160464154325	purple	2
4.726730541671341	3.1462685136890465	purple	2
4.049998887460409	5.080182328229452	purple	2
5.897368804610612	3.639057017927961	purple	2
3.3506839365452628	3.7087152642599484	purple	2
3.116939880073782	4.130076828728572	purple	2
5.0905022801416795	5.973660478488771	purple	2
3.7291786613165314	1.0838532544918191	purple	2
3.581216679309054	4.971508129683166	purple	2
3.068290758183078	3.2384957342580143	purple	2
4.381217604557311	2.0239256827242094	purple	2
4.05295754576743	1.892998287087622	purple	2
6.2083171953850025	3.083157514344461	purple	2
2.121571261876937	2.403026383911955	purple	2
5.210332757042531	5.447033928635776	purple	2
4.217915596444409	4.782649924558524	purple	2
2.9813838234657313	3.2421873684345908	purple	2
3.484095840897811	4.356129329599958	purple	2
4.319795954377049	2.2083984138487573	purple	2
4.1398496831636455	4.19504543762178	purple	2
4.044272903734425	5.259739893060226	purple	2
2.1548959373932703	5.185903197843078	purple	2
3.6997756833097504	3.894419734875135	purple	2
4.040769552022829	4.862475602642839	purple	2
4.868848556478924	3.125838038575952	purple	2
5.051090532849861	4.961282883445486	purple	2
4.2551593355463435	3.3941872051258546	purple	2
4.619335990833963	4.314802081907438	purple	2
2.57483529997418	3.5808951213752414	purple	2
3.389444857788432	3.4671800183241253	purple	2
3.1619933387843426	3.586867412256367	purple	2
4.14818065346485	4.661692832206879	purple	2
4.057791926612675	3.657627853491643	purple	2
3.7852802923419997	4.702387274805151	purple	2
1.6065556250783573	5.337588449425842	purple	2
3.3148304718013946	2.877140915726454	purple	2
3.258932884968673	3.7826944700074407	purple	2
4.976300685279547	4.439529395270875	purple	2
2.8432294790747594	2.667193038540079	purple	2
3.833628738153822	6.177618417629409	purple	2
3.7583647403086355	3.595074305040325	purple	2
4.3001340794687755	4.759763162322199	purple	2
3.137780127747038	3.6476445276958094	purple	2
1.658857606518799	5.4988732472247825	purple	2
4.564448307222939	4.69209623536557	purple	2
3.6225135423162755	4.835312313466451	purple	2
4.110331862433816	3.8796851988517522	purple	2
1.4338920700354212	4.286868499397344	purple	2
3.885291294802499	1.8310938423667595	purple	2
3.2085686508988367	5.564352879241159	purple	2
4.262435531710123	4.7948867089798215	purple	2
3.85039340427121	5.200984879604126	purple	2
3.6452649217694733	5.044513696640664	purple	2
3.870953336010959	3.812725983928578	purple	2
3.305889315785251	4.8012730531504255	purple	2
2.1669484899976093	5.0624521982356185	purple	2
3.39064230068006	4.93490925500026	purple	2
4.406041148219536	4.456517542723578	purple	2
3.4564372352030985	2.7579408361135247	purple	2
5.398110777262358	2.524150941068208	purple	2
3.605015185600502	4.351568585443056	purple	2
2.4656755455793293	4.476314779938857	purple	2
5.366203950359185	5.057962262576554	purple	2
3.7036732869299698	4.495483179696648	purple	2
2.0324476711325796	4.702243448275923	purple	2
2.9261462318082154	4.324434781685269	purple	2
4.899113316691169	2.28237242692792	purple	2
3.2322245591562524	3.9470678669519104	purple	2
3.100842850906539	4.165086800882023	purple	2
4.745721365601945	3.2550187825887713	purple	2
3.8743661566148138	2.764147983918329	purple	2
4.643671983398644	2.836164801002818	purple	2
5.065372914468551	2.559434621934013	purple	2
2.730529123306054	2.011134720059309	purple	2
4.943165485747921	3.5423650321963462	purple	2
3.9893003152588427	2.6785644159196	purple	2
4.815194462807651	4.6374151881008485	purple	2
3.1487946454592555	4.357884195227194	purple	2
5.66339937783663	3.3625068086161183	purple	2
2.600121360523403	5.588575334577471	purple	2
4.611373546965793	4.4110133635403415	purple	2
5.842249102932531	4.248280739826591	purple	2
5.6026830007061745	5.767364386318201	purple	2
3.4040876983424235	3.737743455429151	purple	2
6.580849142167586	4.2604880973386265	purple	2
4.668244288465838	5.897399018982053	purple	2
4.053222047387117	4.5689403044403525	purple	2
2.686915827555712	3.772549128637926	purple	2
4.9231537319946455	2.2202330327658073	purple	2
4.10387795421937	2.574790568671869	purple	2
4.409270189426775	5.713045525260988	purple	2
3.0319671498294727	3.0409545883750084	purple	2
2.9642093268680507	3.961054049573386	purple	2
2.967341826568723	5.644584079971844	purple	2
3.7113361949946477	5.764240758464455	purple	2
4.868038636931188	4.147297852114408	purple	2
4.195847362762892	1.8202180646446577	purple	2
4.631433682273121	2.83269276797026	purple	2
4.42997603728436	3.8522376910121015	purple	2
3.852242728070018	4.9960684211122866	purple	2
3.193204002429055	3.966631057191149	purple	2
5.5345006294831505	2.9341524505339436	purple	2
4.438649913125607	3.2327984296273944	purple	2
5.789221939877808	2.5721677438761277	purple	2
4.0630682488348056	3.985760881741309	purple	2
4.33681524253082	6.135019592327554	purple	2
2.374989208608053	3.0200946694952036	purple	2
5.499124552535942	4.015180138187137	purple	2
4.041814399625127	2.480285203080644	purple	2
4.008339697057908	6.366989320415957	purple	2
4.251260993465849	3.439764332859572	purple	2
3.423182007597051	3.0591042481951467	purple	2
5.1147000452009355	5.100636887022178	purple	2
3.657338322018803	4.645032066254087	purple	2
2.375229925067763	4.8820116755646294	purple	2
4.685683117385402	3.2691038119848774	purple	2
3.7324124795740916	4.749414893297132	purple	2
3.408597821468248	4.636729373372537	purple	2
5.100766339093916	5.1220077158184765	purple	2
3.578992727914208	3.5717216193803685	purple	2
2.8131840999847544	4.857262567857365	purple	2
6.30264027283049	2.740101220718648	purple	2
4.368751768283405	1.7434014156031954	purple	2
4.92956506909414	4.774402968529324	purple	2
3.3781004008255735	3.231272585223944	purple	2
1.655959713662162	4.743978617768498	purple	2
2.678053737314759	3.860679584992961	purple	2
4.673969249576592	3.357813363106981	purple	2
3.635857552413516	3.7211516803004465	purple	2
4.207219119737417	4.69885984824888	purple	2
3.5752684887607327	2.3182769120794497	purple	2
4.082621789068565	3.1111396591352944	purple	2
4.612114074235575	6.033876041362523	purple	2
4.427591016881511	2.146226120776383	purple	2
2.5319100753432195	4.777161983985772	purple	2
5.289334780961476	1.5474890835886543	purple	2
3.863381030258721	6.80364834279679	purple	2
4.642461097662178	4.8284687432204105	purple	2
2.4515850754924884	4.053646884573598	purple	2
4.2178731047713685	3.3161488530024856	purple	2
4.2843865915037425	3.34682719637139	purple	2
5.546295072548518	3.278890249224413	purple	2
5.593147808600524	3.455095372024557	purple	2
3.7036405002430994	4.06043257055482	purple	2
3.9152944672328625	4.498374367617536	purple	2
4.655589432499475	3.2635015237637193	purple	2
4.388994495831087	2.217844583057885	purple	2
3.408872523573676	3.4906306641506513	purple	2
4.7463015778704705	3.4903575870141648	purple	2
6.88040622697279	5.581043846767411	purple	2
5.436735529845472	4.767010328669537	purple	2
4.723537917288111	3.492539154061666	purple	2
4.342966119622767	4.429123231074173	purple	2
5.297831388292358	3.623089952115744	purple	2
3.5484869364263867	3.9658032471361904	purple	2
4.803044440583049	3.1881776803731148	purple	2
4.224987153484326	4.421532431875841	purple	2
4.234429991331136	3.0042236290836124	purple	2
6.174124737263334	4.32700120893359	purple	2
3.258122144426361	4.87528161134173	purple	2
3.9076510464144047	4.616746835037682	purple	2
4.660105826667701	3.4600700741151598	purple	2
1.6661126586073358	4.126759785114061	purple	2
4.5418724129994095	4.723793271828755	purple	2
4.975111116572666	3.0337376595447507	purple	2
5.040836654543947	4.5657306481831315	purple	2
5.355989492222221	3.942499880888974	purple	2
5.662602447741731	2.67040087733986	purple	2
4.638737029719864	2.951798737664798	purple	2
4.250932867062452	3.9952752201923794	purple	2
4.074496801923184	4.360230548907171	purple	2
4.192633839586442	4.025404776861231	purple	2
3.4675348144023217	4.993225423941883	purple	2
3.456068404371313	4.480128420548838	purple	2
4.310697301763224	3.3984933621095594	purple	2
3.3068526184487057	5.642782626247273	purple	2
4.86040585424929	2.6170182849307912	purple	2
5.109949684450012	3.4923563780215194	purple	2
3.937988437807527	1.911065204921405	purple	2
3.5585176871587985	3.9562997635689157	purple	2
4.36079707474195	2.432131681257772	purple	2
4.305651005520005	2.1959614108234513	purple	2
3.1454512723803654	6.204054026879411	purple	2
3.808477197400954	2.9721281400299233	purple	2
4.265115889075689	5.920212959755456	purple	2
4.615418582746811	3.6202306067392964	purple	2
4.580188070150417	2.8891746263243334	purple	2
4.50625769497057	3.5433817817519935	purple	2
3.47178966403406	5.146668275562082	purple	2
5.301192312658197	4.52751860103511	purple	2
3.4995118513746597	5.40908248345845	purple	2
4.446069538467094	3.9146613073015835	purple	2
4.327735212029621	3.955875975399337	purple	2
4.450231900301776	3.986484575209869	purple	2
4.622302957492604	4.665747752408389	purple	2
2.335051363084469	5.902519937955202	purple	2
4.845323961698755	4.488787173225131	purple	2
2.3391950320509824	4.766239183561477	purple	2
3.8746183195848047	3.5618931454032006	purple	2
4.6476792545852685	3.9574814874117523	purple	2
4.8681747180010575	3.9958465786003887	purple	2
3.5412770001556906	5.767355371813686	purple	2
2.6294702709257765	2.8931361025059315	purple	2
5.0703318321051	2.7176167012747108	purple	2
5.735000297237953	4.40922476929269	purple	2
4.727717094276224	3.861773106009613	purple	2
3.0831001025569855	3.9382142687194572	purple	2
4.947989327996693	5.058547981516693	purple	2
3.4361617705333733	3.158809958760871	purple	2
4.203984102412347	5.100260916227292	purple	2
4.91316360913411	4.6127483907019124	purple	2
3.739607079565879	5.116521539137884	purple	2
5.151845388841842	6.123475330017759	purple	2
5.209899021160549	3.438313838376958	purple	2
5.031313002010632	4.016706333182955	purple	2
5.776948507205369	4.128051052003908	purple	2
</dataset>
</data>
