<data>
<meta>
<attributes>
<attribute><type>Numerical</type><name>Numerical_1</name></attribute>
<attribute><type>Numerical</type><name>Numerical_2</name></attribute>
<attribute><type>Categorical</type><name>Categorical_1</name></attribute>
</attributes>
<hierarchy>
<Categorical_1 name="color">
<![CDATA[<blue><cyan></cyan></blue><black><brown></brown></black><green><lightgreen></lightgreen><darkgreen></darkgreen></green><pink><rose></rose><purple></purple></pink>]]>
</Categorical_1>
</hierarchy>
</meta>
<class>T</class>
<dataset>
4.765625665266784	1.6834872465546837	brown	0
3.4186114087519655	2.336833750443642	brown	0
3.8148160417775436	0.9857168929300926	brown	0
2.693474681658743	2.35806273103538	brown	0
4.799767602791257	1.6577248867402452	brown	0
1.1722500340256576	2.3681781118223317	brown	0
0.49539715778677706	1.4939925866729307	brown	0
2.628270296155056	2.0696308922896	brown	0
2.0354037247837757	2.5556969155310356	brown	0
2.0444751497431346	2.587427015501626	brown	0
4.499364963419379	2.1422033823448596	brown	0
1.1749500339817782	1.6089872183513116	brown	0
2.77763727261821	2.363764574207156	brown	0
1.687009403123102	1.9957362345997762	brown	0
2.3969312860400294	2.1381487976617133	brown	0
0.9620492077824099	1.481253360643892	brown	0
3.0663199195200503	2.404269795860346	brown	0
2.590284477639755	2.2039432835040027	brown	0
4.745499193085494	1.676936897228027	brown	0
5.486707373842492	2.170992084477044	brown	0
3.7769849445074755	1.6553330496211052	brown	0
1.3866596977660242	2.459384971283626	brown	0
-0.48738212367955835	1.6487286141128283	brown	0
0.991712618113402	2.13116833886887	brown	0
6.772794589242108	0.49060813055968056	brown	0
4.655195088971407	1.4942147015838145	brown	0
1.9226581748234866	1.5503458820134184	brown	0
5.0816387356359005	2.120431167206045	brown	0
1.7796447206758497	1.5260531222769211	brown	0
0.6877372506274688	2.146589099571667	brown	0
2.6967334455784653	1.8316070108501867	brown	0
3.7964935994486204	2.250025695822522	brown	0
3.129648469450732	2.007564275996836	brown	0
1.9325013280726047	3.1099729809695607	brown	0
3.645791708222132	2.36678774342934	brown	0
2.918366818180441	1.902675398559067	brown	0
2.937138887544827	1.648116675143241	brown	0
1.2476483324882999	2.1329691606915238	brown	0
3.2153388459625325	1.1981131825498563	brown	0
5.174450320292474	2.169027155926755	brown	0
0.8045243021763073	1.2488648785782561	brown	0
3.5770256898318986	1.211398848969412	brown	0
0.8803276952683299	1.4194602495639814	brown	0
2.597237645000093	3.1822576214558627	brown	0
3.389335402404126	2.5981008476270384	brown	0
3.035019130442342	1.3710540424222146	brown	0
5.131280504293965	2.1053410902119096	brown	0
1.1519930831752967	1.9565410489087725	brown	0
1.5369424883271086	1.987044313195907	brown	0
1.6081429077460898	2.53273393991386	brown	0
5.056345877986913	1.9771852453454568	brown	0
-0.4619010940962749	2.465407780888623	brown	0
2.6561813610841893	2.187860444667023	brown	0
4.4548010302006915	2.0211257991795306	brown	0
2.693041472055658	2.1277556051488724	brown	0
2.953173191289045	1.9025544228453348	brown	0
4.283673101076807	2.45676057870171	brown	0
2.1798666309296015	2.4725609931688464	brown	0
4.337901591473139	2.017670700422714	brown	0
0.6045198573783455	2.0408459481065515	brown	0
8.542907705463247	2.2250645014082067	brown	0
4.617017664761162	1.2774891771894183	brown	0
-0.6027854453820836	1.6308619382069645	brown	0
-0.6710541217404562	1.6416623408496318	lightgreen	0
4.508458765008701	2.4509215945478457	lightgreen	0
4.3607513348638625	1.3894765313744388	lightgreen	0
1.9587937672358382	2.2114191179388327	lightgreen	0
5.390819727955539	2.714055553147868	lightgreen	0
4.691711150029361	2.3105878041295327	lightgreen	0
7.8464115014076885	1.7311840991991632	lightgreen	0
3.382597805629977	1.9332327294804197	lightgreen	0
2.780750112917504	1.6510155048931088	lightgreen	0
1.5960577846457376	3.137731644790904	lightgreen	0
5.52995634730563	1.705384551961731	lightgreen	0
4.392436042803379	1.462838179155307	lightgreen	0
4.984841083218037	2.09948509589558	lightgreen	0
3.3292827847849136	1.8915060057620616	lightgreen	0
2.2427812470202038	2.464798062869958	lightgreen	0
4.558821141381406	2.510234427490487	lightgreen	0
1.5208649480543996	1.7749820063771664	lightgreen	0
2.746696068784045	2.153789348754666	lightgreen	0
4.691169713143269	1.537644976688802	lightgreen	0
5.334454236374945	2.1133062389564037	lightgreen	0
-0.6767022611878941	2.371980078017821	lightgreen	0
5.042765737573243	2.6926117722631537	lightgreen	0
6.858230887583487	1.4843974344460609	lightgreen	0
1.8929848613817457	2.003738013437526	lightgreen	0
4.323637880088785	2.262320410581113	lightgreen	0
4.547975241852452	1.4393113832213673	lightgreen	0
2.5379571970190846	2.173623570213122	lightgreen	0
3.408415719144802	2.203334643203759	lightgreen	0
2.8815001145306813	2.210546173747745	lightgreen	0
4.518707461001322	2.122467497347987	lightgreen	0
3.8345961893976903	1.9773288942131158	lightgreen	0
1.1299845304192704	2.5282952592194743	lightgreen	0
5.40432862687547	2.2254450484289667	lightgreen	0
2.880067289207136	1.8881031240428623	lightgreen	0
2.2834742452218615	2.425964808108934	lightgreen	0
1.7413604139703738	1.7773872038931287	lightgreen	0
2.5132758791569803	1.446349850701436	lightgreen	0
2.699532372032938	2.532230708377056	lightgreen	0
3.150475807452936	1.516822734450829	lightgreen	0
1.0958847162736192	1.4018287201645552	lightgreen	0
4.590440230168365	1.786548886276334	lightgreen	0
4.786450389537304	2.412381083181276	lightgreen	0
3.1990891829023	1.269533847508812	lightgreen	0
2.3112630806707797	1.7577732198268767	lightgreen	0
2.7340187016646054	2.484322191611129	lightgreen	0
3.9286377477847303	1.9980331237804458	lightgreen	0
4.56472824693823	1.8425949364572138	lightgreen	0
1.759771989673332	2.4438506181650044	lightgreen	0
2.612130366701458	1.092068998420259	lightgreen	0
3.0823592537746034	2.5444208586050236	lightgreen	0
5.061149934496029	2.0013345878809043	lightgreen	0
4.5236803052091386	2.244082448504572	lightgreen	0
0.09597688924421588	2.6027811515967105	lightgreen	0
4.176801165228319	2.0069970089429803	lightgreen	0
3.649955284492069	1.9145636580034162	lightgreen	0
6.912186315240119	1.7287803070241354	lightgreen	0
3.7565675692755525	1.8986414894547934	darkgreen	0
4.936501872021882	1.7299061565948717	darkgreen	0
1.1101910890539368	2.1319726154410237	darkgreen	0
6.207124292035028	1.8049347476703193	darkgreen	0
5.597708138781858	1.6846410249338761	darkgreen	0
2.4499224789767773	2.0032823039264747	darkgreen	0
3.2198735646809	1.891782016972516	darkgreen	0
1.9733862686498935	2.2688625721941182	darkgreen	0
5.91255748396172	2.47746020334482	darkgreen	0
1.0250304785972444	1.4734413930505188	darkgreen	0
2.4892925172563283	1.5371771271529922	darkgreen	0
2.6268838199509563	1.2580469560240135	darkgreen	0
4.932269101084025	2.1157408560504765	darkgreen	0
3.2017346862635003	1.3976805811516826	darkgreen	0
3.795843586274587	2.2061392229477566	darkgreen	0
4.486281561808542	1.3456525243807544	darkgreen	0
2.5015618450901362	2.2116815905931695	darkgreen	0
5.3218855428232885	2.581067250249452	darkgreen	0
3.6811661587513425	2.803783639321302	darkgreen	0
3.4314702463089812	1.667578977094522	darkgreen	0
-1.4609311228804112	1.1801442839191365	darkgreen	0
2.8489374999429953	1.6883873743260367	darkgreen	0
2.550737289056821	1.6706274983531386	darkgreen	0
2.31541761305419	1.580550022421323	darkgreen	0
2.990936242077926	1.985008409723289	darkgreen	0
0.7038780250471892	1.9884691152787624	darkgreen	0
-2.031934106664524	2.4218275550930506	darkgreen	0
2.624102143223137	2.6515834352226446	darkgreen	0
2.5214832947312735	1.908594861629613	darkgreen	0
0.49013126861906153	1.8533429369474257	darkgreen	0
-0.42821649341279544	2.445716730732814	darkgreen	0
1.2802031142707202	2.4454236618404823	darkgreen	0
3.248688503248557	2.2153084337907893	darkgreen	0
1.9281368220946382	1.6904283629921875	darkgreen	0
-1.0299310521306806	2.687549543591489	darkgreen	0
3.0963623402454137	2.3613483394919847	darkgreen	0
2.787624393777057	1.9798995666986305	darkgreen	0
6.62518463029785	1.4830368041112103	darkgreen	0
3.2337558908139483	2.325155373875491	darkgreen	0
1.1262031549378855	2.0778705339207635	darkgreen	0
3.7392040365604795	2.295097753946299	darkgreen	0
2.757160574130014	2.1132161867745363	darkgreen	0
1.6716686055532417	2.452673851985788	darkgreen	0
3.875250893210251	1.7367109557836815	darkgreen	0
3.642397710636435	2.0532564500694592	darkgreen	0
2.629991685585654	2.066442727586172	darkgreen	0
3.2993614315613513	1.9620243557462242	darkgreen	0
3.583166368971738	2.208373269808137	darkgreen	0
2.0021886129608846	2.542973290770925	darkgreen	0
6.633047194333205	1.7517662225783361	darkgreen	0
3.692664337083677	1.6345709089438347	darkgreen	0
1.2278753801211844	2.1013144746851538	darkgreen	0
4.493628658590116	2.238733517342727	darkgreen	0
5.1710824272163105	1.8582991556951283	darkgreen	0
4.448444877160526	2.8036476612800834	darkgreen	0
3.314444733722711	2.559630891308335	darkgreen	0
1.5115043889908888	2.3404306780931154	darkgreen	0
5.635798068965286	1.4739139843906595	darkgreen	0
2.5637481986873523	2.2757164130186043	darkgreen	0
5.832545389673907	1.617260215736757	darkgreen	0
3.3835823188003213	1.9073718450612174	darkgreen	0
-1.9177162943153334	2.764813651810329	darkgreen	0
3.4201505811718835	2.271077065967942	darkgreen	0
1.6204828833438	2.8881460639712246	darkgreen	0
4.524581026255134	2.436467094802934	darkgreen	0
4.781641006403434	2.265670156254362	darkgreen	0
5.10458502040125	2.04772830751486	darkgreen	0
3.4669225091226146	1.6036448369457337	darkgreen	0
5.536783754669658	1.7249782037356691	darkgreen	0
1.107670425645478	1.8924468706943596	darkgreen	0
-0.6521537956380414	0.9734653658932328	darkgreen	0
3.8564537578513467	1.664974690596324	darkgreen	0
5.640862034061053	2.4313147443549012	darkgreen	0
4.446687278355565	2.0257007055414746	darkgreen	0
3.3741982051457367	2.2031718207578974	darkgreen	0
0.7147255520488991	2.3908057472647624	darkgreen	0
1.890237386317712	1.875473429814096	darkgreen	0
5.3196434566752036	2.2575448501142112	darkgreen	0
5.561856403827163	1.7668457374710111	darkgreen	0
0.8300455218360736	1.85536985745199	darkgreen	0
3.0131288673958716	2.596960027150433	darkgreen	0
3.72193716758888	2.3379842770707637	darkgreen	0
1.5205349215406827	1.7588111309695091	darkgreen	0
1.2402605562848454	1.9898956130992935	darkgreen	0
4.010622094705827	2.3549801165508826	darkgreen	0
0.5344872031243488	1.9406111889343256	darkgreen	0
0.5418100425405563	2.081990356371566	darkgreen	0
3.37750757985399	2.036037723273303	darkgreen	0
3.5696500262316517	2.551385926852495	darkgreen	0
4.060577777093371	2.0666366951128454	darkgreen	0
2.970364482150319	2.049507972883117	darkgreen	0
5.667099048360979	2.0903223737484558	darkgreen	0
1.5530476554945878	2.18424265990851	darkgreen	0
-0.13430865918507928	1.936123183653586	darkgreen	0
0.5546542092978024	2.6957817158596753	darkgreen	0
3.009923703535365	2.675162801228287	darkgreen	0
-0.6425994403683335	1.5530068033952362	darkgreen	0
2.1081974066305142	2.672089792802688	darkgreen	0
1.974003567573434	2.530880831640777	darkgreen	0
5.990061819795352	1.0874728144613899	darkgreen	0
4.832617775681857	2.8411319866877474	darkgreen	0
3.3990496930689185	1.4326586627814506	darkgreen	0
6.39241523813528	1.7187329359639327	darkgreen	0
5.592849541879859	1.318084809067581	darkgreen	0
1.3702790973755246	1.6483640168690865	darkgreen	0
6.205624788765171	1.5507262009458358	darkgreen	0
-0.5569054989047175	2.2516459305612884	darkgreen	0
1.6790676054898044	2.1901379162709933	darkgreen	0
3.5712359353660577	2.4736694895948905	darkgreen	0
3.606035674528311	2.7270746305430436	darkgreen	0
1.4215398765296778	2.1173607603972746	darkgreen	0
-0.20586648927424678	2.4609514924410147	darkgreen	0
3.5672458592184646	2.3386070730916972	darkgreen	0
-1.3373204041056947	0.9881755258620284	darkgreen	0
1.5990973019407662	1.6237057182000278	darkgreen	0
3.099840468893688	1.7018052365417713	darkgreen	0
3.7890054149077272	2.1726618566278204	darkgreen	0
0.2339840250243257	1.9792007674410934	darkgreen	0
4.885362534833801	2.1536755368691427	darkgreen	0
4.842109723093031	2.1105157335460936	darkgreen	0
0.47521217131625226	1.8138968262832615	darkgreen	0
0.7206676889383004	1.8524603369943475	darkgreen	0
0.9408841797787764	2.5602354760693515	darkgreen	0
4.2934313548141905	2.988979055932862	darkgreen	0
3.3018741051154237	2.5962571301431603	darkgreen	0
4.644146160234025	2.054425309424672	darkgreen	0
3.3030280187480447	1.8578147478615077	darkgreen	0
7.793512408079899	2.584592940222207	darkgreen	0
2.118181329764867	2.3320752988623026	darkgreen	0
1.7384694348800072	1.8501290553852554	darkgreen	0
0.26221409866500034	1.8878818818247958	darkgreen	0
2.291322070480039	3.7310092609509846	brown	1
1.7662835920086275	5.161797741953794	brown	1
3.151737262364862	2.563038554963742	brown	1
4.055935881975325	1.1096737304030309	brown	1
0.1912972307880163	1.7607959571918945	brown	1
2.7848613063168455	3.4078927803303927	brown	1
3.214518166822386	5.7034508377455335	brown	1
1.0678594984891094	5.958046026220133	brown	1
2.206900760350088	5.752788848892978	brown	1
1.3725363835579878	6.123345701976641	brown	1
2.0115029699198996	4.530640265846122	brown	1
4.008779634029282	5.4429785641015505	brown	1
2.1959300559888133	4.03879994328106	brown	1
1.5440915270137405	4.115114260639985	brown	1
0.6988027047295071	4.762782576328471	brown	1
1.9297716361070507	4.0866364780879705	brown	1
1.5646278551231911	4.87471889272888	brown	1
3.1282534261598895	5.572156634243234	brown	1
0.1757804732602697	4.216716445365237	brown	1
4.691853726749341	5.1250241702959105	brown	1
2.0741077955584593	2.707066639604073	brown	1
-0.3603812567274951	2.704306745244246	brown	1
5.880083760935776	3.44721424441295	brown	1
-0.03048408020807214	5.204565128333899	brown	1
3.062449591029281	5.334022109910084	brown	1
1.4400950242343025	2.8378707226140554	brown	1
0.36264350550796953	2.6273437010982996	brown	1
2.369482514327578	3.9770238734865386	brown	1
2.3758383013876485	1.154430531210577	brown	1
1.3590019219666307	4.652796615655312	brown	1
-0.5946836497159991	6.431633509925165	brown	1
0.5610614598732058	3.7966066122546573	brown	1
4.315524150847719	6.4196501174283025	brown	1
0.7858690632970595	4.335517953194733	brown	1
1.618051040580753	2.7161907195117956	brown	1
0.7790371276758927	5.719188373638623	brown	1
-0.10296791972540076	3.5557086790725116	brown	1
2.304893128060672	5.993235507425893	brown	1
2.95450025347286	4.764585218013109	brown	1
1.1395458940464822	1.207179613744941	brown	1
2.011230276732987	5.94139951256543	brown	1
-0.5877084045606802	4.265927729849113	brown	1
2.030245201398506	7.046636034530257	brown	1
0.8047807030231948	2.3232890868438587	brown	1
3.464224660933709	6.722197473923018	brown	1
0.07699879746518512	3.784327858748412	brown	1
3.606680527330498	6.039704093632913	brown	1
1.202593317604254	3.7508146386697674	brown	1
0.14853951820573874	4.394674822791157	brown	1
2.0040913439615062	3.796944314890943	brown	1
0.5901658084457171	5.675473240395489	cyan	1
-0.5615686592694056	4.148437402494722	cyan	1
0.626688861580899	3.0394475473605818	cyan	1
2.115640582608928	4.688801711238213	cyan	1
1.8002530903989586	3.633712761570857	cyan	1
2.641426521676575	4.48631865618844	cyan	1
0.851177090690044	4.74264173569993	cyan	1
1.2570966569209099	3.218148123041442	cyan	1
1.5458086655361176	3.846894111999352	cyan	1
0.4503103389073597	3.057172247010279	cyan	1
2.296165225549644	3.913184165606136	cyan	1
1.2068403490204784	1.4155361943720117	cyan	1
1.1004459031102707	4.774540796300883	cyan	1
2.2646473806639444	4.547541788047814	cyan	1
3.5041268322276413	-0.2544565257244633	cyan	1
3.5057602469190465	0.45438781097427894	cyan	1
3.0876376062934847	3.1117776402533486	cyan	1
-0.5898004051185084	3.472342968528012	cyan	1
3.965095546734913	4.193279783287841	cyan	1
0.7531613775890347	3.614746088195553	cyan	1
2.181057955882234	3.8916914156174567	cyan	1
0.7416822503161185	4.038222838120441	cyan	1
2.6259167446439284	1.6199916760977842	cyan	1
2.366146778911677	5.175874832268837	cyan	1
3.672902325282783	4.596127875475274	cyan	1
1.9131661751311517	2.8601175128970033	cyan	1
3.897953339385161	3.9344449885527752	cyan	1
2.8139288067508144	1.8960056008185404	cyan	1
2.261444165935994	6.083879121144807	cyan	1
-0.37179766074651255	4.6568789290744865	cyan	1
4.52958789824051	2.7159144810708975	cyan	1
2.222921694402262	2.3548551513925076	cyan	1
2.666829715704712	6.05636933854206	cyan	1
1.260611946165053	2.66736352396632	cyan	1
3.216350310800407	3.132329226121707	cyan	1
1.863881199351564	3.057211965399536	cyan	1
0.5825592280525449	3.5616463048649396	cyan	1
-1.1647351528920047	4.1594345692056605	cyan	1
0.7563609026362346	1.1746934354816005	cyan	1
1.1061357592169923	1.0198619306402703	cyan	1
2.742149921091986	4.370966059912836	cyan	1
1.1323465617189483	2.8377574499018294	cyan	1
2.271286433591311	3.099702359850518	cyan	1
1.4748020193739237	3.9517510070294115	cyan	1
2.4073664905429073	3.622585749611532	cyan	1
-0.36106953513696016	3.7127855649102	cyan	1
1.4548872149643632	6.194168367873395	cyan	1
2.723634088002436	5.006597784369036	cyan	1
2.5620399439316945	4.1531045345850925	cyan	1
1.1713029038434546	3.180189958817044	cyan	1
0.4654793160423081	4.5283666597739005	cyan	1
2.618989041232489	4.370841456508766	cyan	1
2.6904469319482884	3.799223350672759	cyan	1
0.6409797557046601	3.193694741337236	cyan	1
2.7093612019150557	3.3986520717945234	cyan	1
1.9166992813683843	2.3667589222134686	cyan	1
1.4694521695284986	3.4709680136440766	cyan	1
2.372776116287657	4.309809840520961	cyan	1
2.4967117459381245	2.847585500929292	cyan	1
0.47834389157851853	4.045985963466536	cyan	1
3.077573615609335	1.5941516938888314	cyan	1
1.8992123872836455	4.485985007842238	cyan	1
1.7586635932234365	3.637019506067151	cyan	1
4.419355329661294	6.960106088345599	cyan	1
0.5160071395762427	3.528070652302656	cyan	1
3.5085005328044434	4.968163373353557	cyan	1
3.626189993810449	4.8203119829281675	cyan	1
0.11426692295028573	3.6789883835169794	cyan	1
2.1891799962026504	3.32856059524164	cyan	1
-0.4191120092916547	2.1258653353880943	cyan	1
4.534484127959281	3.9152298443053124	cyan	1
1.3762979509102111	7.502100584394919	cyan	1
0.830894646338556	5.3380223123774995	cyan	1
0.3450315967598967	3.3718740825461193	cyan	1
0.089408879971419	5.355593053988912	cyan	1
0.8854831750803291	3.8921229743479038	cyan	1
0.9354613554321893	5.797869513350819	cyan	1
1.021703867847654	6.432891844471048	cyan	1
5.370250196308744	3.8603957659772594	cyan	1
1.9504497138020471	4.464248097667672	cyan	1
1.588376943041169	3.3222665315209348	cyan	1
2.490820865864024	3.0964172054331907	cyan	1
2.407776843691246	4.370413037177672	cyan	1
2.1480618241191407	3.6049481152074536	cyan	1
2.010034125620987	5.781329979933635	cyan	1
2.0908324176665167	2.7845647662391046	cyan	1
3.3665668178243235	3.2222722682087337	cyan	1
4.869337622369535	2.5757695090181247	cyan	1
1.1469282005857626	4.155786509575265	cyan	1
0.2806013711999553	3.9657548579788986	cyan	1
-0.2983381767052329	6.025857896296065	cyan	1
2.001994951110429	3.9847809660686386	cyan	1
2.514184077309123	2.786434515595084	cyan	1
0.11921026600563622	2.194561369472697	cyan	1
3.639221281190982	2.0291164276075984	cyan	1
1.7352727602988491	4.246580146036245	cyan	1
2.5706505742714048	2.8797801091379727	cyan	1
1.5434182076841696	1.3068103965320517	cyan	1
3.2105183177994565	5.762605150628765	cyan	1
1.0444728766603844	4.204689247318626	cyan	1
0.1824311214817942	2.0686986558316462	cyan	1
2.1494586419183785	1.6193545387775985	cyan	1
1.8501036613379602	5.591277430286981	cyan	1
-0.22433860290883345	3.754534950335856	cyan	1
1.8129913982858885	3.7780957768580077	cyan	1
3.587217533889306	4.214693636606507	cyan	1
2.5422109312739782	4.800586264531999	cyan	1
1.0166575587674789	4.276645396260304	cyan	1
2.142226681779548	2.1324117816173866	cyan	1
1.8830223867514209	3.0033567742399896	cyan	1
4.4653309483691945	2.531749810348676	cyan	1
2.57840185767916	2.8683261034290464	cyan	1
2.0166125860729283	4.810937629452167	cyan	1
1.0444552738667305	4.4409836376574745	cyan	1
1.3928105250606388	2.32792248844223	cyan	1
2.2916449965070598	4.506630520453047	cyan	1
1.667284717550488	2.4150028416741414	cyan	1
2.4236589949518845	4.282461833894589	cyan	1
4.305931798765528	3.7577857483209263	cyan	1
3.488220303310107	1.9255165657184863	cyan	1
3.2635274907339045	3.1927721076155713	cyan	1
4.308809253381324	2.281468305980381	cyan	1
2.7125282672052915	3.1596768971798586	cyan	1
3.8353768290323327	4.910852318325514	cyan	1
2.80068467137278	5.310802091663659	cyan	1
1.2215303695440842	1.878742033661501	cyan	1
2.1961969644680357	3.4039410641422827	cyan	1
2.314617104539654	4.373593823883036	cyan	1
1.3058352944539142	3.8266847638291206	cyan	1
4.285076011504565	6.5967250084988445	cyan	1
3.2558817811790086	4.159799528868319	cyan	1
1.5096600287707287	5.11944075933844	cyan	1
1.584462075801002	4.180086716644463	cyan	1
2.5884636486288843	2.9955307819653862	cyan	1
2.5117704473060227	3.911577971275924	cyan	1
-0.14996942029642701	1.9746930117269965	cyan	1
1.8879475897963347	3.966120418721946	cyan	1
3.464495983667722	2.5701025009511596	cyan	1
5.4603975192365155	3.6913138541926545	cyan	1
0.8583372237259375	4.378848941867952	cyan	1
2.5303967050235525	4.240431320547426	cyan	1
2.1056036389802895	4.590395219240175	cyan	1
1.2356043106772938	2.6360535771345153	cyan	1
3.6311497953462926	3.295346273126346	cyan	1
2.4937988782557317	3.7626189863833304	cyan	1
1.6281160372586785	2.437788906151939	cyan	1
2.9582026337000724	2.092959985828257	cyan	1
3.6576452741871304	4.759126675638896	cyan	1
0.583029447122315	3.583177253181872	cyan	1
1.0822439584468682	5.44487890221301	cyan	1
6.730229066658446	3.7523268135505154	brown	2
6.287325281628475	2.0063957157383387	brown	2
3.1762129194685063	6.547672212807207	brown	2
3.0334395134975156	4.021768453454493	brown	2
3.609112174851799	3.4091657780227065	brown	2
3.4853983379640647	4.714116667874525	brown	2
3.947921628640794	1.8518987693992077	brown	2
3.9103693872780196	1.1650770635431065	brown	2
6.180183402898259	4.068758189158877	brown	2
2.960692516573342	5.369996020948022	brown	2
4.3561678338910035	3.522876809467425	brown	2
3.711644085618558	5.409001734693047	brown	2
3.087692640984204	2.906139170617874	brown	2
4.544752614698105	4.40815207991071	brown	2
3.1800689420202053	5.691803443507176	brown	2
2.9841769695956764	1.3184594142722448	brown	2
4.302386580891282	5.053457683660611	brown	2
5.315835833559275	4.382754284024311	brown	2
3.0564250808321374	4.050703615141263	brown	2
4.527185434415369	5.262273728269233	brown	2
5.6824619766716475	4.8865979743179215	brown	2
5.329989440003878	5.38026606022571	brown	2
4.820364326508818	3.6450969724118667	brown	2
3.390387817950609	5.517561333509064	brown	2
4.362756533334102	2.0846768836238763	brown	2
3.1275625646608542	4.266490442656384	brown	2
1.34742186080264	4.400908232500422	brown	2
3.6294115584546947	3.750380780414009	brown	2
3.14753306861438	1.2939524138135057	brown	2
3.0911495461509944	9.121984033186916	brown	2
5.556993011170267	4.322430900684921	brown	2
4.768981524423518	5.36396098437189	brown	2
4.60402095654492	5.954239209383994	brown	2
1.4988164471232195	4.055306838455689	brown	2
1.5457919349670473	6.350927917335312	brown	2
5.356465064907526	3.394056466454556	brown	2
5.150355685635732	3.4264049120520967	brown	2
4.1378959855684005	4.077134261150753	brown	2
2.585903139306955	4.183883569616411	brown	2
2.163928520149806	6.1622106068228755	brown	2
5.152162608047808	5.379906824433801	brown	2
2.2996883962106853	4.502273768373775	brown	2
4.393487925471325	4.5369586343417	brown	2
3.697600060164331	0.11024434320508814	brown	2
2.8040504145878753	4.964710917413239	brown	2
4.569665385318917	4.727240023638486	brown	2
5.995815725251817	3.614954959934964	brown	2
5.107101374091696	4.170768147309179	brown	2
5.760216370612196	2.530409108256187	brown	2
4.7211855383610795	4.563602047380576	brown	2
3.501993048464054	3.8474866318374494	brown	2
5.2328230172254955	4.094019121557933	brown	2
2.529811334698337	5.245391813260636	brown	2
3.2847477209241895	4.596856646035496	brown	2
4.727493771102729	1.8553936180278843	brown	2
6.682665523348672	4.643227136201299	brown	2
4.557449261635968	6.1330108969807435	brown	2
1.655039433201865	1.2450904113388908	brown	2
3.2499675989931998	2.640105491083433	brown	2
3.19934416672448	2.2280333235225527	brown	2
2.6327532144492514	1.3712440914827355	brown	2
3.847238656788891	4.558854923040067	brown	2
4.540788754068659	5.9463750284487995	brown	2
3.71004478213287	2.1386929992978283	brown	2
3.0779153526121092	3.044364275761973	brown	2
1.448778121874164	2.591449176907485	brown	2
4.45083478587956	4.450503793721951	brown	2
1.9292065417584032	1.481029072566082	brown	2
2.1418724853222875	5.277846347026474	brown	2
4.294183272360598	3.509158475016544	brown	2
3.9743943911366433	4.280239104990409	brown	2
4.890605379040621	1.4900422587629079	brown	2
4.837576126322554	5.84129222304127	brown	2
3.731996354997667	2.416423866951231	brown	2
3.015781710284134	2.831664866692514	brown	2
4.486430354312697	6.747359156406613	brown	2
6.323468757446303	5.28955226563899	brown	2
2.832548567969776	3.322482130614307	brown	2
4.785951885439072	6.293542212754553	brown	2
2.5440369512508973	3.2820523817078535	brown	2
2.250089679035505	2.242131331656965	brown	2
4.364856499467143	2.704212956068831	brown	2
1.9369372219605685	4.278663151853851	brown	2
5.031772785051267	3.138490054695481	brown	2
5.4003342182917	2.5438904003926286	brown	2
3.200100721384893	4.3850749497125046	brown	2
6.025813639124527	2.30475072517351	brown	2
3.753928409753543	3.1403995553901938	brown	2
3.5516076847876943	3.3524307944405862	brown	2
3.3194255671738158	2.7207689971008824	brown	2
3.216765546061433	3.4037035241142926	brown	2
3.708750331920199	3.841087910564744	brown	2
4.526332484531174	5.49130629200158	brown	2
6.974361324625622	5.475785122975926	brown	2
2.888669926554508	4.861187710859873	brown	2
2.618458034013684	4.609398767853477	brown	2
3.8085358559560065	6.023475170958581	brown	2
2.207268525701739	3.6366986592570854	brown	2
7.331211599375631	3.4420930363111735	brown	2
4.247196877115332	3.5206366264878737	brown	2
1.62172624525861	2.9373510602101116	brown	2
3.1396124720092367	4.6510618323158175	brown	2
4.397456153706015	5.77519955371306	brown	2
4.2590901702047415	5.873888457330328	brown	2
3.7210193949408272	4.858133446756821	brown	2
3.6153845677782215	4.328650439997083	brown	2
5.372966363614754	4.588776503980122	brown	2
4.620299189362318	3.4278660883717373	brown	2
4.268841662004174	5.164559551797886	brown	2
4.0590122919168525	3.2254971649364426	brown	2
2.78544467440719	4.351350660470392	brown	2
5.511203310428921	2.682036612826707	brown	2
4.22892282442454	4.881099982674589	brown	2
5.240741349529336	5.203108411880744	brown	2
3.957850318530799	4.861818622972348	brown	2
4.553606088407576	4.352795733921348	brown	2
6.679497946097372	3.206853523671319	brown	2
6.741674310176389	4.4444130763661995	brown	2
1.3304591566156163	4.662992826185335	brown	2
4.2822105648559186	5.492595544971144	brown	2
4.222633978594934	2.5367204533236327	brown	2
1.8037302173050755	4.096305191742195	brown	2
3.543038720495077	5.745208490938829	brown	2
0.05470606740633377	4.168031371023071	brown	2
3.053571131646015	3.1748006544668916	brown	2
3.059617945050792	1.8778915453070377	brown	2
4.0158052814074425	3.488981898510001	brown	2
5.434656905067463	4.588513572639792	brown	2
6.536101612076104	3.826392984160392	brown	2
3.0502921669186613	2.247217023990453	brown	2
1.5089803645357258	5.926265040587689	brown	2
3.716834513863942	3.359716516944207	brown	2
0.48907689895765794	5.412862232980399	brown	2
3.7415689178188103	4.097653811491483	brown	2
4.587168046486439	5.641286481119055	brown	2
1.9023050629737974	3.121109731513771	brown	2
3.3515549996019254	2.594532009632808	brown	2
5.661476021845688	3.006553198459985	brown	2
5.270343222156735	3.7638501464220595	brown	2
1.035944319792446	4.568706032195551	brown	2
3.1596835962745704	2.446718120298061	brown	2
6.411826704456111	6.2763167133208055	brown	2
4.637370534504876	2.9054229365218722	brown	2
4.801914051189083	6.928735845001187	brown	2
0.22788202402417213	4.003471499170005	brown	2
7.258642895293935	4.219602366317094	brown	2
5.1098209903402525	4.314506900610553	brown	2
5.420093821271301	1.2250222678979887	brown	2
4.243109123082678	2.3797953977246085	brown	2
3.5694415824222894	5.417524118844302	brown	2
3.6179552962313233	2.9692442056659147	rose	2
3.6283399702488337	6.576156786352933	rose	2
4.417054328647724	3.268072845936922	rose	2
2.885181797147263	6.065719313706971	rose	2
2.409449345226167	3.483094183307763	rose	2
5.616358564704955	4.170481440582391	rose	2
3.242753387333921	2.5671270650955536	rose	2
1.237217174948006	2.089243601969762	rose	2
4.2943288849267	4.758596492526494	rose	2
3.459909235690343	5.683618338577007	rose	2
4.825089413483344	5.248621371585228	rose	2
5.779082824842149	5.513588389041968	rose	2
3.652541395176299	4.453043573714561	rose	2
1.8657187738989225	2.3744278107638346	rose	2
5.0360389664117475	6.466183612656369	rose	2
3.4638223943341004	7.45011436918745	rose	2
4.179661221055979	3.377356222477405	rose	2
1.8453136754077217	5.292707256614386	rose	2
3.411807247035935	3.007703560197469	rose	2
2.435412411586457	7.266663449128295	rose	2
3.347159934057476	5.1210556979753665	rose	2
5.219450802366279	2.519037386357613	rose	2
2.0985970865870467	4.265196244511978	rose	2
6.082062928036905	6.109746941443358	rose	2
3.8422330998004117	3.4250220958396227	rose	2
3.953985678833644	0.31496545464690984	rose	2
3.9199547780512223	1.6227037845299193	rose	2
3.0702093736421627	3.7061732266701837	rose	2
3.4595140758100893	5.09677188621186	rose	2
1.041091013514238	2.4986797538989673	rose	2
4.0100068513801865	3.7604006873030023	rose	2
6.0876628489419	5.563749218325033	rose	2
2.9812425312832644	2.9934128899391936	rose	2
4.931044407233981	1.4210766775944328	rose	2
3.8994791484603373	5.172757486659123	rose	2
3.1613157895662587	5.357744172348646	rose	2
5.1314308146001455	5.410441549643801	rose	2
3.2013309337362936	4.478995175662729	rose	2
2.137087698383133	3.345159526222396	rose	2
4.841551310763375	3.1182784130359007	rose	2
3.3656665090536406	3.5416937524014096	rose	2
2.905818859314249	5.747623950288111	rose	2
3.7194292535460582	3.6175270870731944	rose	2
3.623728879961753	5.666036337843737	rose	2
4.808366885379381	2.086108013268205	rose	2
4.042058980595208	3.36741121757257	rose	2
7.077756516811097	3.4029916266946407	rose	2
5.423967901033883	4.287503519723321	rose	2
3.034354677488463	4.018404114195308	rose	2
3.6943773652446343	5.254411659443681	rose	2
3.944286696835043	4.765941609948632	rose	2
4.510649507852586	1.8771741182758634	rose	2
3.9614960588727572	3.6450110080169282	rose	2
4.67500991021019	4.423273494771834	rose	2
2.819667464041493	2.9632371510094355	rose	2
6.333844736325395	3.457123459326532	rose	2
3.998084622766227	4.673479699902053	rose	2
5.239483331738343	3.9772526656657985	rose	2
5.95433951468265	5.519928783535121	rose	2
1.9639940705249939	5.534268873689518	rose	2
6.06732717071875	2.74871502542886	rose	2
4.579110723241741	3.381815612652093	rose	2
5.592133646713371	3.5213229694704133	rose	2
4.467745935186192	0.7831063347939926	rose	2
3.9935455204130594	3.663896814351157	rose	2
4.019050301824397	6.802302431293198	rose	2
5.04527447006884	3.8233538426238396	rose	2
2.4142515143036487	3.3586411149705833	rose	2
2.153685628799348	4.4241359580189386	rose	2
0.665437669788771	4.014668295755417	rose	2
3.3788157443527607	3.060253131530242	rose	2
4.453924421200005	4.2851309177550485	rose	2
6.100446466414342	3.95644716043803	rose	2
3.8543955753672634	0.7894028340494881	rose	2
5.16271359582343	3.4082472396055663	rose	2
1.4640906584890092	4.50913244827434	rose	2
0.7131600642450326	5.369774132508951	rose	2
3.494489227476903	2.6461680034835955	rose	2
3.7648198528985723	2.5060735079385377	rose	2
3.2441535839681155	3.426421596578054	rose	2
4.7684789314523375	6.104554931197156	rose	2
4.1888425522123764	3.2461639429316573	rose	2
3.336549432167501	7.050056629565572	rose	2
4.328126197960245	3.329430110864431	rose	2
5.296126491825874	3.6549445180356166	rose	2
3.160238451954881	3.390158474352206	rose	2
2.3085813943939124	5.076148024472502	rose	2
5.590279350293582	4.290964581983127	rose	2
5.059811105557454	4.424851583998455	rose	2
3.912834361060621	4.379187739191865	rose	2
1.991980283957711	6.711288561079112	rose	2
4.795594492480082	6.575808582240752	rose	2
3.7231224457740226	6.088508400074639	rose	2
2.179416309833682	3.1542462283513197	rose	2
7.954451545186196	2.935961563659683	rose	2
4.149021068071041	3.2575163678544374	rose	2
3.6533116948787265	3.4361580217596375	rose	2
4.734411782767788	4.48890571468909	rose	2
4.1561983990833475	4.974595672654263	rose	2
3.5298195766621445	2.768819444134871	rose	2
3.4655327538450154	5.025803394728113	rose	2
6.342849734871523	2.929769350553105	rose	2
4.024328746821233	3.956912099381693	rose	2
7.444678187988403	1.25432261483596	rose	2
4.997146822881058	3.5644428048822516	rose	2
3.7544220696351878	4.733572014828275	rose	2
4.341991619074396	3.340260212520041	rose	2
4.340178303820579	3.170274952145286	rose	2
4.814999230732693	7.908652196272013	rose	2
2.399898156731786	3.5408500207451237	rose	2
2.2070349365034527	4.116980282234097	rose	2
2.3783643779506	5.133784419710598	rose	2
3.031402001008549	3.0853243217836783	rose	2
3.740300911279894	4.694521601205099	rose	2
5.871197385278641	2.9432765246629327	rose	2
3.4215249406873394	3.0482717014193774	rose	2
5.554037276631466	2.0215212946705146	rose	2
5.748082537269735	1.7427596260863725	rose	2
3.0430409239796172	3.7359235046858656	rose	2
4.497451894777724	3.068604184594915	rose	2
3.851567696050218	4.374402995851208	rose	2
2.1389548490198287	4.714721740071237	rose	2
3.8929300094860144	6.374452066045999	rose	2
4.351970208765085	6.954269797680679	rose	2
4.332151723215095	3.447737735162052	rose	2
2.5378245313973937	5.927683588564477	rose	2
2.5482203348527985	5.380422819057692	rose	2
5.152639507559337	4.889785879194534	rose	2
5.339199624317654	4.482062625486328	rose	2
4.222727922515056	2.562941949484765	rose	2
4.212172331286678	1.1857688225782699	rose	2
7.07650785021322	4.515101383734699	rose	2
2.0155846541397	5.313371077194479	rose	2
6.1344909222970205	4.198896184162475	rose	2
5.114953612198044	5.16873401074271	rose	2
5.1656263132629165	3.4084350425856997	rose	2
2.345452688691082	5.673506667619861	rose	2
4.841330672162843	5.62130259803074	rose	2
3.4977878280213415	4.53252226332069	rose	2
2.210318201565587	3.6447361692674414	rose	2
5.244224108278949	4.118730774898293	rose	2
3.4631719698665053	2.827521669366091	rose	2
1.2287923850986604	4.493664507329358	rose	2
6.997904638526359	2.0760846412274843	rose	2
2.4720091873304795	2.0731369250148783	rose	2
5.369670585340789	2.360329709175252	rose	2
4.000292070583971	0.8750474333896552	rose	2
4.062801661568276	4.799659073631889	rose	2
1.6988010498490516	2.1878995891457187	rose	2
5.10348839530961	2.829290193711034	rose	2
2.7911467944323425	4.808373441568878	rose	2
5.914447890516764	3.022758883282271	rose	2
2.218803507100586	5.084925303281195	rose	2
5.928739480455561	1.2555443173678644	rose	2
1.4742312625649139	5.7650958908982215	rose	2
3.4072901063740115	4.09409021531085	rose	2
4.469540354269613	5.302757636414241	rose	2
2.1021940301147235	4.004818536223948	rose	2
4.5710803265156805	2.415859276293264	rose	2
1.1903176668062994	2.8331559918267177	rose	2
2.6486559542312547	4.600381674132395	rose	2
4.366149699546895	5.23755846649386	rose	2
5.725378842996047	4.904145259481766	rose	2
1.0709076871785834	3.9065704625635638	rose	2
2.575637396766555	4.370865444588902	rose	2
6.553137575284389	5.338035636526308	rose	2
4.979104016895132	4.158541799196555	rose	2
5.797801869278649	4.408539862307472	rose	2
5.086203355941955	4.0840897418967685	rose	2
4.8846001390784695	3.826002418265457	rose	2
3.342987113115294	2.9311189986630115	rose	2
4.0910449461711105	6.59688560096825	rose	2
3.8813413005686423	1.892264612258407	rose	2
2.2484470807859847	3.7336923214475743	rose	2
2.7600243870855046	4.014922878815058	rose	2
4.963395177586078	6.143234922743671	rose	2
3.1588914505611654	4.334643061096471	rose	2
2.8243893549961667	4.482141931984639	rose	2
1.2649876337421082	2.854199124336095	rose	2
3.8577368951853894	5.359672374911792	rose	2
3.093372573078003	4.865764076881199	rose	2
5.186503375836278	3.3772613292017266	purple	2
3.2028848077360603	2.364558940968201	purple	2
3.6519919444233664	2.95072732625278	purple	2
5.278968883225492	4.197635407581468	purple	2
3.200058781696854	5.053740203645675	purple	2
4.739879251630153	2.365429404781664	purple	2
4.557823420438986	5.928270281283195	purple	2
2.853228852242234	5.7411225569674	purple	2
5.255845687282054	4.332702922749953	purple	2
5.392697311715454	5.6728406691839535	purple	2
5.6318327756978555	3.1012800140678998	purple	2
2.8774741528571015	3.3490918422846256	purple	2
5.9795997821171785	3.7926586095557018	purple	2
4.844075143194767	4.52999202447795	purple	2
1.4751386801728552	3.6892965045155544	purple	2
4.411845875116166	4.0078894265729135	purple	2
2.6222012609513747	2.088024693292793	purple	2
2.7896730159121264	5.011955287041054	purple	2
3.9682290508439078	5.285922139688727	purple	2
4.257678310014635	6.530435122815695	purple	2
3.2144729620594554	3.7376918678078774	purple	2
2.5298004090916475	5.943776019857467	purple	2
3.9840507720044345	4.4775276334708165	purple	2
4.41299162091073	4.192716747972719	purple	2
1.911551680754949	5.184312002989623	purple	2
5.181699115191482	6.065166982582257	purple	2
3.5450969060607105	8.489858012460585	purple	2
2.417137900936924	4.417347928024333	purple	2
4.8399552980221445	2.6108722020168837	purple	2
1.9169099258188371	4.931692301229361	purple	2
2.8909915369071113	4.748294873978819	purple	2
4.833579927492579	2.9178306527516193	purple	2
5.250900359921843	5.132842405238146	purple	2
2.868183798888266	4.355421107097379	purple	2
4.1343024020623105	3.0141495953649553	purple	2
4.131714512826656	2.8101261348856994	purple	2
5.100236164378167	1.6586373050951693	purple	2
5.104530294814845	6.383081981679621	purple	2
3.010304292510603	3.885422580641545	purple	2
5.7775987418938435	5.32845224912369	purple	2
3.402514909838824	2.8750904476201713	purple	2
2.873360208760599	4.488411251789968	purple	2
6.84042147380617	1.6024832790217598	purple	2
3.146280909058681	3.668196527984113	purple	2
2.819513592393765	3.0939911622589165	purple	2
4.328622957975092	4.541391704305743	purple	2
4.2079720186177125	4.22325613582668	purple	2
3.7871456742995897	5.070994544275239	purple	2
5.648332229686112	2.5614292818777833	purple	2
4.308162205950696	5.336221649922081	purple	2
4.53663332257994	3.7950188440470334	purple	2
4.084611780501066	5.171182368101801	purple	2
3.2856513473864535	3.585976789563076	purple	2
3.348465581994247	5.347134092429763	purple	2
2.8113883369104826	2.877844240597999	purple	2
3.4321253692062403	3.0877008509145716	purple	2
3.603885622991645	5.268216697406786	purple	2
3.5011599347868336	2.2549334048080576	purple	2
5.3316861659029735	3.8723110842032256	purple	2
5.8700956731438785	4.4946061612217445	purple	2
3.608478344039618	2.785100028391379	purple	2
5.009718113133029	2.8962305320221073	purple	2
1.4403122058729694	2.564725121532036	purple	2
4.348319880833491	6.250764272175127	purple	2
5.676913019921379	3.507293766519145	purple	2
4.159257939420853	3.349176492515786	purple	2
5.411801252776989	5.838795720403291	purple	2
5.5692523803006875	5.2044587277793095	purple	2
3.2833911162801344	3.652943024998363	purple	2
4.145995951870571	3.070473462897578	purple	2
3.4705569940493155	5.768101939633631	purple	2
4.964177390628338	3.692079236720344	purple	2
1.9228940299129835	4.881842169262698	purple	2
5.834326450967708	3.3033073192299525	purple	2
4.083969788863079	3.7859644146556355	purple	2
6.74729972193241	3.4361948500527224	purple	2
6.997297465117327	4.055251292111482	purple	2
5.7768415764819565	1.8601171916701298	purple	2
3.9300503831119697	4.788783778571132	purple	2
6.186939307824527	2.251383647375091	purple	2
4.029027025415129	5.028319710717509	purple	2
6.028460816702052	3.588081997696475	purple	2
4.151253696085273	8.678886849551837	purple	2
4.653779694036597	4.466359598604268	purple	2
4.3332020981130075	5.569982504997622	purple	2
5.832685378423847	2.1104606348098134	purple	2
3.197415810153872	3.5555863843513538	purple	2
3.916779222940783	2.7903500556576892	purple	2
3.74123283105005	2.0750578870866585	purple	2
4.900963395005593	2.9763414503822525	purple	2
5.790865834982681	3.827001681952569	purple	2
1.7514343443867957	3.6695748572723597	purple	2
4.649185847110696	3.9077231468663354	purple	2
5.475475870475218	6.490648456183511	purple	2
4.520219716979696	2.814238054446976	purple	2
2.7255069128344105	5.7030635138489085	purple	2
4.9288439062094245	4.848286345713112	purple	2
4.260554368001867	5.926217749215878	purple	2
5.109540381488821	4.536035327914076	purple	2
5.411360934647739	1.5946089510588757	purple	2
3.918661974035113	4.195366441446273	purple	2
2.323698319340151	4.261649930074324	purple	2
3.364455852663202	3.0495905466482	purple	2
3.9734030320059395	2.8037238119234056	purple	2
3.982652398307268	4.564642435629359	purple	2
6.046327438015455	2.6012341575853393	purple	2
4.312034751248498	2.228574263296615	purple	2
1.2613010271630216	4.271184897090271	purple	2
2.73309062645422	2.2375642426907554	purple	2
3.5486746446035506	3.0794506993092066	purple	2
2.463846456676073	2.671094808569962	purple	2
3.919328436678206	3.184583070662626	purple	2
4.7079856718992055	6.306356855990355	purple	2
4.005982738067729	6.494428037944249	purple	2
1.799603278788596	6.100720008856822	purple	2
2.392102649849348	2.6308359336940716	purple	2
4.3226147449245245	3.7569583536488	purple	2
4.089508239230839	4.203400229282208	purple	2
5.0808158018623075	6.252692789231126	purple	2
2.1871303610682338	3.9536545780476082	purple	2
2.497113015667943	3.440872481997756	purple	2
2.8117145706104	5.09310374678093	purple	2
6.383282304595293	5.583087917093189	purple	2
3.7991871834381716	4.012048244510434	purple	2
1.7367330889404227	4.511914447024391	purple	2
3.627416205959	3.9103556414493683	purple	2
3.577870524287613	4.57070193714545	purple	2
3.636407040013736	3.1192446537383653	purple	2
2.4978059551052807	3.6861938068665427	purple	2
2.362184353352562	5.09977125681868	purple	2
6.0937127637436905	4.666047469431394	purple	2
3.802035923133913	3.7399458632237716	purple	2
4.961132009482729	2.8895220712034306	purple	2
4.023282841859414	2.4459630472674903	purple	2
2.2533988024745732	4.173384827740516	purple	2
4.109755007733961	3.289859522415022	purple	2
6.793247392689125	3.2258068621115825	purple	2
3.4344500887819436	4.37775022654677	purple	2
3.4237712877449025	3.0752903551246127	purple	2
3.0472541124351857	4.773217530548815	purple	2
2.4669201049122025	4.570732470591219	purple	2
4.267308354841144	2.9344762239075726	purple	2
1.6550432835884061	4.0752479800288945	purple	2
4.726989162288415	3.9644847973582324	purple	2
4.735381549166601	4.684458251090554	purple	2
3.3337330138725414	3.4092453887870184	purple	2
5.540118908970931	4.132743140834911	purple	2
5.383852892008891	4.003560855088296	purple	2
4.378931218422073	3.8556497144646964	purple	2
4.072366858781049	3.434286661350498	purple	2
3.4309595033658664	4.068483112768425	purple	2
4.464836914418368	4.9301193229252	purple	2
2.487958797913139	4.374401216312428	purple	2
3.187539312930185	4.422871533892648	purple	2
3.2084933045405335	3.6191847189557746	purple	2
0.9770405288745465	4.5402365073321445	purple	2
3.4598644801712153	2.617596794055633	purple	2
2.3698077162983577	3.651964473472598	purple	2
2.7658151991911875	5.142104329460826	purple	2
4.484447620061804	3.908537361452894	purple	2
-0.6399482596806454	2.8061990961375565	purple	2
3.3287454694652303	6.025745975752407	purple	2
3.562289077937481	3.3318276421241535	purple	2
5.497866988617369	4.663586466402122	purple	2
4.161869823394939	1.506532470356777	purple	2
4.751164345907481	4.60889328784863	purple	2
4.481030591057663	4.256175785570758	purple	2
4.347904295725349	6.7218921067842	purple	2
2.4768512899007407	4.363267313661521	purple	2
7.232849633099211	5.403222808585033	purple	2
4.766246947425199	4.644889144126985	purple	2
2.4503450722023867	4.478460016779361	purple	2
4.194773714700536	4.43443297840373	purple	2
4.17094920195077	5.786332096316764	purple	2
2.8640423343841253	4.210402729670786	purple	2
3.178464030060348	3.893636061268935	purple	2
3.6033048452339695	3.054284951536282	purple	2
5.190513909993199	8.12901659653899	purple	2
1.6101397616763156	6.055308747286481	purple	2
4.500939768049335	5.238557990670967	purple	2
5.849727374744338	3.213892874574097	purple	2
3.9393768292160734	1.2655927621008276	purple	2
1.251105852745185	4.121501457171685	purple	2
4.427604207313777	5.142738059877057	purple	2
4.884340913446151	1.2521449787430217	purple	2
4.274370847890753	4.221250083629405	purple	2
4.610212416294202	5.647974082340928	purple	2
4.007128274332932	2.0696181990912805	purple	2
3.6206524541891674	2.7416043353783666	purple	2
5.979463608812832	5.3271650106583035	purple	2
2.7745683461761756	3.6245592625171423	purple	2
7.452411879653088	3.916245153917539	purple	2
2.4861520815910243	4.462069470830208	purple	2
3.890073723116576	3.566416823996556	purple	2
2.656241238868125	3.0350024548428443	purple	2
5.169588492976286	2.332573473076137	purple	2
4.880029393029152	3.303738433141482	purple	2
3.8980914449069273	3.0305062273539427	purple	2
2.74074256561261	3.8203113500566412	purple	2
4.354306918906403	2.825596236848398	purple	2
5.876199768769819	5.442199385613608	purple	2
3.3575962816620386	4.151021147071834	purple	2
-0.056397977258495935	5.293409019900432	purple	2
3.2716445891014594	3.674539110195313	purple	2
2.0339394428031055	0.2352569530647921	purple	2
3.554340566744986	2.952934665210004	purple	2
2.7777008819484075	2.4653602775467793	purple	2
5.3578308976009765	4.549422003707655	purple	2
4.179271458054013	5.670141160818723	purple	2
1.7320345622367053	6.641137759367011	purple	2
5.5914994813030185	5.188052642433365	purple	2
6.7925820289445475	2.760130412387422	purple	2
5.026347828144551	3.473680938424168	purple	2
4.723806622201481	3.9597130843721637	purple	2
3.5460613607048046	4.913772380283892	purple	2
4.947803393840026	3.5950741768033243	purple	2
5.019059006422362	3.3793078462650517	purple	2
3.187093981193177	3.9566230557719306	purple	2
1.581358230672027	2.3910249810732283	purple	2
2.6281365955242277	3.2800475194538805	purple	2
4.451463353843149	3.487557926069422	purple	2
6.889997175097248	4.304869643258846	purple	2
4.029621982074063	4.566797476260955	purple	2
3.9536094573336475	6.394836620947098	purple	2
4.247471872933261	2.1192092684555264	purple	2
2.8634085618013465	3.315722431142923	purple	2
4.423553857746358	0.8086966956477171	purple	2
4.602642321727345	3.3847686658802294	purple	2
4.236367875498164	3.7307799642984794	purple	2
4.722089406769518	4.9592533723506245	purple	2
4.76544080501869	3.6098338526575846	purple	2
4.9628994481622355	6.422314469592445	purple	2
4.359297928800779	3.42648754977414	purple	2
5.440889741261574	3.6297063271276833	purple	2
3.9917972581520034	6.278281203275506	purple	2
4.960400762661616	3.0048447046952296	purple	2
2.7848647561674933	6.5390228730025335	purple	2
5.487845456549699	5.002550062552478	purple	2
2.5135384543641885	3.1961570674652076	purple	2
6.769944635950964	5.2338460357138405	purple	2
4.536505233256017	0.6249644058943704	purple	2
4.153533224519212	4.309243766824924	purple	2
2.620405742764154	4.977244416721192	purple	2
5.058278614758713	3.7002320119861296	purple	2
6.117734305202552	3.306734739451972	purple	2
3.1471532007368785	6.690283844790038	purple	2
3.203062228583036	2.4820837758669536	purple	2
2.1319959298380344	3.58918682851855	purple	2
3.158181877738347	4.413762681881861	purple	2
4.461077011766112	3.5708961338986085	purple	2
3.7945467414092913	3.6079378390862713	purple	2
3.178263802851728	2.228092044767957	purple	2
4.9009665303784065	3.953220591653663	purple	2
4.703323282175528	2.416701528033699	purple	2
4.780629455044885	3.5257460201077047	purple	2
2.5824665660396535	1.293614656480106	purple	2
3.5766239905377346	3.434937970718299	purple	2
3.2376664125565453	3.2293273403426777	purple	2
1.4870270502111418	5.461390698896122	purple	2
3.673250656983657	5.022835203776635	purple	2
4.098605374787051	2.0641330326967324	purple	2
2.406794472237082	1.851494716806831	purple	2
4.525628528770966	5.060734243466587	purple	2
5.313220767535416	4.350514617228685	purple	2
2.9921854563120256	3.3417633419005823	purple	2
5.268406630179961	5.738124505545931	purple	2
3.820574174458919	5.149965914533127	purple	2
4.066465302006946	0.9105335578616294	purple	2
3.4666949634258732	2.5818240908577144	purple	2
</dataset>
</data>
