<data>
<meta>
<attributes>
<attribute><type>Numerical</type><name>Numerical_1</name></attribute>
<attribute><type>Numerical</type><name>Numerical_2</name></attribute>
<attribute><type>Categorical</type><name>Categorical_1</name></attribute>
</attributes>
<hierarchy>
<Categorical_1 name="color">
<![CDATA[<blue><cyan></cyan></blue><black><brown></brown></black><green><lightgreen></lightgreen><darkgreen></darkgreen></green><pink><rose></rose><purple></purple></pink>]]>
</Categorical_1>
</hierarchy>
</meta>
<class>T</class>
<dataset>
3.8247965886059445	2.142396280776785	brown	0
1.9169191339517362	1.8200229757941409	brown	0
3.4611663700848534	1.767037803120968	brown	0
3.363340588863391	2.2337274870173296	brown	0
-0.0025651714336776266	2.2799095627118597	brown	0
0.7844941305934063	2.130440629170627	brown	0
3.504936242319464	2.1679122859446727	brown	0
3.5646528677939395	1.3683341759078902	brown	0
2.663086011160634	1.9361383441997053	brown	0
1.093614303615677	2.2064594549450756	brown	0
1.7565928616012256	1.7083760384556086	brown	0
2.591386793618617	1.585916362830517	brown	0
1.0772609617448856	1.52360137968347	brown	0
1.6649024600146802	2.38734997187522	brown	0
0.3019805582551296	2.2479509908186315	brown	0
1.7287884634993085	2.2724749296289724	brown	0
1.7335885775330633	3.4318066314942715	brown	0
1.1987029510859808	2.379788786051684	brown	0
3.153459210325884	2.598579590953327	brown	0
0.6459622051660285	2.6431591868701547	brown	0
3.163380765707175	1.2843218250166062	brown	0
2.690764403123234	2.1864141841121962	brown	0
4.419742684337679	1.9322313411959338	brown	0
0.9388543743172986	1.4237539579798622	brown	0
0.9517905117019332	2.492389078485383	brown	0
4.263743877316847	1.1784086737214572	brown	0
3.8945790066098778	2.3802566055257133	brown	0
1.0426571099813935	2.9331751579039005	brown	0
1.7623163935617379	1.6513429864189733	brown	0
5.12070873105604	2.108910749583857	brown	0
4.790210848158194	1.8618828037951676	brown	0
0.7597993645542731	1.6136379825998368	brown	0
2.9878583124149176	2.954505785481807	brown	0
6.053794095060111	1.407685155203585	brown	0
3.8383366801283514	2.0230263033539995	brown	0
2.235806804779675	2.0955205190747805	brown	0
0.7361371868127673	2.300211009320688	brown	0
5.052998478152157	2.446099915909049	brown	0
5.635159312055386	1.504193414986265	brown	0
6.354368778610615	1.8247234611395098	brown	0
1.1878678440826151	1.6120544130345644	brown	0
2.6551334143541965	2.7831506654145484	brown	0
4.260542554568403	2.7726013134205107	brown	0
3.417381376580563	2.3163158118658416	brown	0
2.5548869419735274	2.0812101429772154	brown	0
1.8657929759683693	2.7490577005189336	brown	0
1.8346821219248837	2.201262240089448	brown	0
-0.2195180605368776	2.3717781156963844	brown	0
8.309261857184863	2.0641160943179724	brown	0
4.849351713098605	1.8752821253552598	brown	0
4.383187655693353	1.9989966548580282	lightgreen	0
3.3943524541243777	1.1767981353407337	lightgreen	0
4.972297045623323	1.977452142897436	lightgreen	0
2.589800693058775	2.492608147263911	lightgreen	0
2.612944179848675	1.6935563273451388	lightgreen	0
3.6158509991766232	2.290004691462199	lightgreen	0
0.7836109179188306	2.5430632742601365	lightgreen	0
2.7625381760792536	2.6656544229473025	lightgreen	0
0.9873871376634407	3.7284119416566477	lightgreen	0
3.373366664655297	2.6553631539141476	lightgreen	0
2.924750245475708	2.2711838770696087	lightgreen	0
2.0967289147769455	2.1604601354889734	lightgreen	0
0.9710079781060572	1.9872561510228832	lightgreen	0
1.543858967761121	2.2352211097221604	lightgreen	0
3.3207897431489597	1.6329240803082523	lightgreen	0
1.8476009138043654	2.777145015219926	lightgreen	0
6.630503911541455	1.5976385472013757	lightgreen	0
5.465447208901189	2.0252807367683	lightgreen	0
5.651249272618589	1.950384609963318	lightgreen	0
1.0569100920565921	2.3353986141270187	lightgreen	0
1.3290257647789965	2.366603527633805	lightgreen	0
5.438311951254919	1.8151505995945647	lightgreen	0
2.64264028020877	2.4160079622959536	lightgreen	0
4.058090190187189	1.971613132823843	lightgreen	0
4.135283703967191	2.1655608979014747	lightgreen	0
6.450590972194817	2.1641859952864224	lightgreen	0
3.522895458788754	1.7464971617060072	lightgreen	0
2.034357706864407	1.6342303314119413	lightgreen	0
1.1314945221563724	1.6465291378453362	lightgreen	0
6.796877662094624	1.6730003695491567	lightgreen	0
2.371956657526356	1.5665635972847265	lightgreen	0
2.4513889351802414	1.9844610291301847	lightgreen	0
0.8637003929918214	2.611460604466244	lightgreen	0
4.247563174434104	2.607556825786597	lightgreen	0
1.6944959288148929	1.5766857534439696	lightgreen	0
2.8695118564100857	2.3618219672646728	lightgreen	0
4.266776559966477	2.714100017396082	lightgreen	0
-0.20402559281045907	1.4464749501083218	lightgreen	0
2.046656901333984	1.470738384686133	lightgreen	0
2.9833044732999303	1.9726963873045673	lightgreen	0
3.8421033258432558	2.3202846052716675	lightgreen	0
3.441668701684577	1.892415382495464	lightgreen	0
0.6270587071232296	2.4841919143064835	lightgreen	0
2.70059673242622	2.0670711570703713	lightgreen	0
2.2192778446291963	2.2908123470815913	lightgreen	0
5.362657121607283	1.956324491026511	lightgreen	0
0.14445365838436475	1.6819696216294997	lightgreen	0
6.238344414636872	2.552117173071849	lightgreen	0
3.994441005722761	1.2831325588190738	lightgreen	0
-1.7692836319396168	2.518707872300215	lightgreen	0
0.38976644545035866	0.8838018937184411	lightgreen	0
2.0989405788402884	1.8657557739913446	lightgreen	0
7.074342153507156	1.3407004339071267	lightgreen	0
2.399139448483124	2.4344481233349327	lightgreen	0
4.550818558033329	1.666012459527741	lightgreen	0
1.8927121441926769	1.9756570396606241	lightgreen	0
2.463686041454026	2.1573628781782324	lightgreen	0
2.1343694786481784	1.8495449587322552	lightgreen	0
4.138724757833284	1.6765668973512142	lightgreen	0
2.1554343784685313	1.613472815292472	lightgreen	0
1.3694655730284306	1.703403000734592	lightgreen	0
0.32966901078388	1.8119175576740907	darkgreen	0
3.166811452933855	2.1599026735689777	darkgreen	0
4.342649649838492	1.8767370026080321	darkgreen	0
1.697257570915941	1.7204163696353647	darkgreen	0
2.0545256770052323	2.0522016785388657	darkgreen	0
3.3617285487374104	1.5398187548196682	darkgreen	0
-1.183127964172992	2.1574999776759647	darkgreen	0
1.5177795402657677	2.7273453579545848	darkgreen	0
3.6092509099231025	2.0170768954802014	darkgreen	0
3.1073321341901714	2.2302938941057873	darkgreen	0
3.590317424900593	2.5050172974662477	darkgreen	0
3.4804597270744866	2.571005437940805	darkgreen	0
1.233408943302874	2.1281173421948902	darkgreen	0
5.489353023053759	2.457206209583265	darkgreen	0
3.4030633565518014	2.393803929386012	darkgreen	0
2.188017683851333	2.0344098438676914	darkgreen	0
1.8932820294057566	2.209898512138509	darkgreen	0
-0.3990434910798184	1.5192578900116271	darkgreen	0
4.521755621354591	1.5407016031295793	darkgreen	0
2.509624281031899	1.909446401301961	darkgreen	0
5.290692874968742	2.4115786445762293	darkgreen	0
4.834446488597236	1.8617623058948565	darkgreen	0
0.43151066024531914	2.4276258156490793	darkgreen	0
3.3599015818101274	1.8715517978286393	darkgreen	0
3.475318961566429	2.570668789924901	darkgreen	0
-0.5242776061376633	2.8236838575973335	darkgreen	0
0.8577667257715977	2.6885553704460223	darkgreen	0
3.349797181911901	2.5168460922653306	darkgreen	0
3.3432347710305566	1.4977905126422186	darkgreen	0
5.279909560508418	1.9578141890670746	darkgreen	0
0.13042360084700766	1.4949782121934359	darkgreen	0
5.2898347338079095	2.105076252088972	darkgreen	0
2.9428129972548973	1.6467522372259102	darkgreen	0
4.394011545220539	1.7729380017846745	darkgreen	0
4.283126175539101	1.9282869914914664	darkgreen	0
3.896483612294593	1.2437611587445603	darkgreen	0
2.512965781467059	2.3028764871320133	darkgreen	0
4.295927157906141	2.5960388946656354	darkgreen	0
2.7598620447503595	2.139942615252303	darkgreen	0
0.735868407573935	2.157779191845722	darkgreen	0
2.1071859812952667	2.3948786014782795	darkgreen	0
3.498674142914321	1.8643405871401506	darkgreen	0
2.3010929823754998	1.9682574390392806	darkgreen	0
6.947183304455921	1.8648959900324165	darkgreen	0
4.84360672406132	2.103584283083364	darkgreen	0
4.13220964875997	2.571704407297116	darkgreen	0
2.1675753750018627	2.1534696086602247	darkgreen	0
2.0010834226000265	1.8028429084905084	darkgreen	0
2.872413778383411	2.067494962129018	darkgreen	0
2.728270769603117	2.019342167123217	darkgreen	0
4.8939761815344305	1.5214712233497745	darkgreen	0
3.416879889132645	2.382532430601584	darkgreen	0
6.048461785741987	2.1550820537381945	darkgreen	0
2.875610828492675	1.682083212870387	darkgreen	0
1.548672466844501	1.858288520433963	darkgreen	0
2.845012743689591	1.7076027856520875	darkgreen	0
6.537453503698263	2.810751397265417	darkgreen	0
5.873141776269538	1.6951457874492688	darkgreen	0
5.200346625210793	2.2113133926926976	darkgreen	0
1.8490691765934386	2.4055743303282933	darkgreen	0
3.0290827652067756	1.8129471706494114	darkgreen	0
5.967188950471393	2.0989974217664917	darkgreen	0
1.0828849621975587	2.4029162379460236	darkgreen	0
0.7329304214601353	0.6311626481469959	darkgreen	0
3.232419027561139	2.394514716508789	darkgreen	0
0.5307183660195287	2.0381719146514725	darkgreen	0
1.7963647890857153	2.5836153627672096	darkgreen	0
3.0213418694543	1.3893151710060436	darkgreen	0
3.2942425630873218	2.414474495091308	darkgreen	0
1.8870022612793351	1.8404960739874703	darkgreen	0
4.607270384732484	2.288188621865939	darkgreen	0
3.037398354912552	2.1447381813831607	darkgreen	0
6.813483546584425	2.2307032170929673	darkgreen	0
2.2494648790425575	2.020304569190029	darkgreen	0
4.027177175235867	1.6983480289893995	darkgreen	0
1.61583219323507	2.174110989494569	darkgreen	0
3.135688782365655	1.2989317915179472	darkgreen	0
1.670096360570821	1.9341039878391648	darkgreen	0
2.152509907424985	2.3596362020852224	darkgreen	0
2.782232320711505	2.530446473527135	darkgreen	0
4.453511705153571	2.5355922540930838	darkgreen	0
1.0120913486454812	1.597018502905708	darkgreen	0
1.2046078800159814	1.6542436277496377	darkgreen	0
4.507438310128299	1.73742656475288	darkgreen	0
3.8353634057858668	1.7418846150700333	darkgreen	0
0.03927073242381374	2.0651933753020253	darkgreen	0
2.205782845430316	2.481314114857286	darkgreen	0
2.5498959017497507	2.14155038629741	darkgreen	0
2.8153380686514566	2.214850931812357	darkgreen	0
-0.5434268196069234	1.5865224048738842	darkgreen	0
-0.48823066485550415	1.9704581875312182	darkgreen	0
-0.20970166412668823	2.00113299902457	darkgreen	0
3.6753041351099225	2.13484605679969	darkgreen	0
5.4182987254848305	2.554160927911667	darkgreen	0
5.353822885800728	1.0321419244070233	darkgreen	0
4.424552489751543	1.922157277653639	darkgreen	0
0.4685207941862277	2.084497916930336	darkgreen	0
4.921760352129381	3.239899476659583	darkgreen	0
0.9955885402554467	2.179044358100082	darkgreen	0
0.3593749503283563	2.0525880339633056	darkgreen	0
2.347059623249276	1.5376485670777365	darkgreen	0
0.5562743079749142	1.7523463316651355	darkgreen	0
6.151551311429564	1.1590893783147775	darkgreen	0
1.4681524651124878	1.6562199873752794	darkgreen	0
1.1609773598342523	1.9406163005578034	darkgreen	0
3.656688577222697	1.7661311012807455	darkgreen	0
4.3820140019752305	3.110214183387447	darkgreen	0
3.2441596952657137	1.485360001366052	darkgreen	0
3.6866929824527706	2.043790685617591	darkgreen	0
3.7393103572396242	2.284560153172002	darkgreen	0
0.6894049889202587	1.6979465891409526	darkgreen	0
7.1121275764887395	2.0722309249079793	darkgreen	0
1.6671734102337021	1.4483395744540737	darkgreen	0
6.0521576671824056	1.9248743026272794	darkgreen	0
3.0453663695825632	1.9258752627982219	darkgreen	0
2.132564783412974	1.9739648636134806	darkgreen	0
1.4396886139405372	2.284374355762237	darkgreen	0
-0.36143936199663296	2.049926272838356	darkgreen	0
7.465934027547825	2.0464283319087353	darkgreen	0
7.07616454607883	0.8910272096604055	darkgreen	0
3.2549515963104017	1.9135098385124047	darkgreen	0
-0.06612139439495257	2.2661687397126635	darkgreen	0
2.566602702894289	2.3657593570810365	darkgreen	0
2.3075669954684837	2.423712884968847	darkgreen	0
2.353229491852338	1.8885383419121529	darkgreen	0
1.1023708334032822	1.914089378309488	darkgreen	0
4.413927587326686	1.5948322254845904	darkgreen	0
1.1567505941802831	1.5270016189421594	darkgreen	0
4.959198132994385	1.3884729924679626	darkgreen	0
5.123643072531218	1.9036199244841887	darkgreen	0
3.1579311095250295	1.4112488926603604	darkgreen	0
2.8157154059246854	2.876791449953193	darkgreen	0
4.708135827620648	1.9311027237531497	darkgreen	0
3.665068848683519	1.9114270367300215	darkgreen	0
0.8052361988247565	1.6934097408989595	darkgreen	0
5.593041434469881	1.475860748889441	darkgreen	0
1.6050986002569816	1.7533142232054861	darkgreen	0
0.6476501598542432	1.385358633698925	darkgreen	0
1.2042268128489313	2.1157318225411283	darkgreen	0
2.3859517050065318	3.226390375362577	brown	1
3.4505315891638473	3.9315488164315595	brown	1
2.2018339631711603	3.207700518173403	brown	1
1.7568736168375045	6.042685198409449	brown	1
1.0409196452803422	3.4678600642906856	brown	1
4.130513772548302	4.072478929076367	brown	1
-0.05314565387599579	2.7062787585467234	brown	1
1.4150055341387373	4.126334936413002	brown	1
3.468825721346457	4.246765559094392	brown	1
1.199780411602611	3.9658065470150734	brown	1
2.2377822138044547	0.5995992161528956	brown	1
1.5017720630680356	2.301276310238927	brown	1
4.06628110246654	4.9960077214913845	brown	1
4.247651443986715	4.2875986410841005	brown	1
2.1608364562765	3.181778214455351	brown	1
0.19923015806774225	2.6375531289180127	brown	1
3.1566929172881895	2.5086845843398002	brown	1
1.8581245817398817	5.097480871054408	brown	1
1.0236171721802485	4.689081444079554	brown	1
2.875299111540708	-0.03162722935863105	brown	1
3.767592777335839	2.2726977224760194	brown	1
2.3699183113714173	3.3041431133854475	brown	1
3.497585966198761	4.187917284971434	brown	1
1.5518997394060678	3.5138513012162202	brown	1
3.823451790296449	1.5863707541949905	brown	1
3.0400435220897464	3.37347707329491	brown	1
0.15863466711054852	2.1895546519832996	brown	1
2.162418338945852	5.452105641965918	brown	1
2.153169412556112	2.9784975737847845	brown	1
2.3597607001827097	5.3194665794401255	brown	1
2.8548240599291725	2.248580716248423	brown	1
-1.366523723081488	5.6488022353273415	brown	1
0.7359424945667254	3.681421662550971	brown	1
-1.25035020587785	2.6664192123975	brown	1
0.5428698985190614	6.000117879298254	brown	1
1.9763836836559878	1.2709402749791914	brown	1
4.165783589366124	4.930189585224422	brown	1
2.324306712094887	4.866081449658156	brown	1
0.3229100292128837	3.9620692329704643	brown	1
1.8440339520898739	4.849660796109733	brown	1
1.1414531543022035	3.843003049690372	cyan	1
3.388358172969898	3.326820726146673	cyan	1
4.199410802850029	-0.30679580783975524	cyan	1
1.4872159863820729	2.2819019225879886	cyan	1
1.906729817448788	4.027329673245864	cyan	1
3.609949660119544	6.228807137382254	cyan	1
3.7170715391232347	1.931141289932977	cyan	1
-0.8656256366124087	4.800359484475673	cyan	1
2.48280196614994	5.006296004087122	cyan	1
2.4241655814024807	2.1084135070168877	cyan	1
1.761959561291656	-0.1323340506411208	cyan	1
1.6201038343403422	5.424340303385878	cyan	1
1.5392152945977842	6.366304812236761	cyan	1
1.9633995184136905	7.233782278596477	cyan	1
-0.46467285357988164	3.181312107052693	cyan	1
3.4462720174788406	5.340540103030663	cyan	1
1.8332498632694523	3.0773507767409414	cyan	1
2.7732851886504166	2.9984738163650406	cyan	1
1.1968530755048685	4.359675132557903	cyan	1
1.200373891709276	4.824769839043325	cyan	1
0.4538735655577033	5.17781033350501	cyan	1
3.2932471311583416	5.956436489712442	cyan	1
3.3346653025042876	2.507622041353149	cyan	1
3.476422675814802	3.056824610094654	cyan	1
-0.3569509612152708	-0.14350147967563487	cyan	1
5.021399176959537	4.0624564870683715	cyan	1
1.7019967571250252	5.152660793780069	cyan	1
1.4920916621442648	4.127026170437276	cyan	1
2.1289463236858186	1.9741360368146195	cyan	1
0.8046277293681541	5.662059724848356	cyan	1
1.704112489206176	4.419655165091855	cyan	1
2.146341544241981	3.3920151493573694	cyan	1
2.885767983839998	4.104998055975515	cyan	1
2.8996809251586724	5.368861988684073	cyan	1
3.5259614365148617	4.067554580389303	cyan	1
2.3663876550090785	4.078543634137894	cyan	1
0.4213430694801894	0.9145881218618941	cyan	1
2.772230840578204	4.1918540059408445	cyan	1
3.7833202637785805	4.821020143009676	cyan	1
2.8042440805055677	4.369667155507591	cyan	1
2.326093303550741	4.476396422572284	cyan	1
3.7182578041064174	5.387250786842076	cyan	1
1.784457260601867	2.5736894633391287	cyan	1
1.4012696716279853	2.7283952375069402	cyan	1
0.319606842222832	5.235928023232008	cyan	1
4.276666367553455	4.350864536291204	cyan	1
2.503026834346798	4.126349268376142	cyan	1
2.8250801504066874	5.209326653579879	cyan	1
1.389134588075711	3.005828437423528	cyan	1
1.8341326243888687	3.7903679043589182	cyan	1
-0.5032708248592734	5.024117246667105	cyan	1
2.3545346627016452	5.2432492591373565	cyan	1
1.7211458847281589	3.364874301133689	cyan	1
3.081420820380254	5.27214378094558	cyan	1
2.409576639971737	4.877411604622847	cyan	1
5.284363433326975	5.387924240386472	cyan	1
0.5529021856653653	3.8059481806150393	cyan	1
2.058470708936093	5.019054009611753	cyan	1
2.47336573174547	1.6616946394260816	cyan	1
2.1227420410949356	3.7860627138686502	cyan	1
3.3148685955311854	5.516968104575077	cyan	1
-0.9407846874309174	3.8362118789502087	cyan	1
1.89538109697107	0.9097445472283381	cyan	1
0.5095573723125968	2.1081485919044587	cyan	1
1.8905617717916567	3.177884520274332	cyan	1
0.7833810310711244	2.672030204183007	cyan	1
2.140235620180316	4.274290410151823	cyan	1
1.439275582148162	5.062109764027051	cyan	1
0.6360456724410002	4.147187352455414	cyan	1
1.929468652133797	2.533830084422214	cyan	1
1.191302910874176	4.027118193527972	cyan	1
1.7231909561882275	2.7171594516780093	cyan	1
2.2076819122936606	3.8285943382612055	cyan	1
3.0111266160555656	4.264334207619304	cyan	1
0.16828960280402638	5.0096492449054795	cyan	1
1.8254624220539595	4.41775643988164	cyan	1
6.864316612858882	2.3802336402089903	cyan	1
3.2230025124445407	2.2060488734468606	cyan	1
5.894173724650047	4.3160215167925395	cyan	1
3.2995118432405937	4.916996015845314	cyan	1
2.2696264869795018	0.8583370732164615	cyan	1
-0.7253646851739748	4.253367021268506	cyan	1
3.4205455415066033	2.59380499890261	cyan	1
1.340195991087884	3.561363590360072	cyan	1
3.916359991667017	5.967658335005442	cyan	1
4.187394242527455	3.3868074157783292	cyan	1
1.4863233182949178	3.637727013393353	cyan	1
2.0837529515140343	2.4860405210057763	cyan	1
2.322050536783585	2.248508588748728	cyan	1
0.8033216909433736	2.8320729872640777	cyan	1
2.726929856775951	4.61322576599116	cyan	1
2.0180673207049606	6.34570031348256	cyan	1
3.4662522216359735	3.1951629924468934	cyan	1
2.634638703789508	2.2952864429429325	cyan	1
1.6515232479892519	3.0446093034174897	cyan	1
0.4950513186043808	5.1685056338625746	cyan	1
2.954114363466382	3.2465735653192143	cyan	1
1.9939702970779474	5.7444845243601135	cyan	1
1.446422947608291	0.48319615934213767	cyan	1
3.207126370707809	6.1229575836074215	cyan	1
2.8908577733494947	5.280927630086653	cyan	1
2.8390385850599658	2.5716478800524145	cyan	1
2.578887869154168	4.061828084727126	cyan	1
2.3986009166368136	6.357022571163318	cyan	1
0.4082715622390791	1.819450476079826	cyan	1
3.296528873670514	4.707326241506529	cyan	1
0.7226364608195655	4.137416706955052	cyan	1
2.973485382256886	5.120053211012971	cyan	1
1.8513599843889386	4.755171822467236	cyan	1
2.799087859146085	3.0219351376366093	cyan	1
1.2594904192149698	0.9972226495879113	cyan	1
1.8127402915010455	1.8697886232723318	cyan	1
2.7503550083834125	5.157840527035669	cyan	1
1.4427903277258167	3.3590275626675137	cyan	1
3.597982989833553	4.926573910062445	cyan	1
1.0575310352295135	3.9615653908223356	cyan	1
3.7878544704209722	3.1455025157664624	cyan	1
1.404537468958397	3.1688427295681865	cyan	1
0.9702810885009263	7.098492442562404	cyan	1
2.406907525003261	4.032620364355715	cyan	1
0.1477884571209469	4.33671506300458	cyan	1
1.3037387098672746	6.639392984946477	cyan	1
0.9307869533780122	2.5842387401478946	cyan	1
2.209073715037207	3.8579115606711576	cyan	1
3.08519766077578	3.5046939210568855	cyan	1
4.529860882840068	1.4722204033227686	cyan	1
0.9268154767552206	4.36000975368076	cyan	1
1.109176711807285	4.3526729830284765	cyan	1
2.493206600631369	4.053365514550821	cyan	1
-0.6285924263108362	4.443246611488872	cyan	1
2.6120893662480285	5.031027755825943	cyan	1
3.171921664769291	4.271310484773615	cyan	1
1.3415253548022503	3.7067725132996405	cyan	1
2.889814762409414	3.1128491592566006	cyan	1
3.73541376709042	3.485053555517448	cyan	1
1.8270677577142043	4.041204060567086	cyan	1
2.727052890744183	4.273387375495323	cyan	1
2.6384057021172924	2.6805017673893294	cyan	1
1.7595163938117828	4.053068571856346	cyan	1
1.664054105357039	4.568788766576824	cyan	1
0.7902210857607053	5.33961816648155	cyan	1
-0.4216961095710028	3.3552340879310707	cyan	1
2.0553037549403	5.803345728566108	cyan	1
3.1234734538802824	4.246919243902955	cyan	1
2.5782275211977015	4.087261422036521	cyan	1
1.2773550111486593	6.72057968412137	cyan	1
2.375291915058485	6.414503409691374	cyan	1
3.9878191429551046	1.9538990258799251	cyan	1
0.2580963260958604	5.690537449105078	cyan	1
1.1836041506848205	2.657813056051116	cyan	1
3.5463442256070152	5.756251685500141	cyan	1
3.0729150822394784	3.2439934389671046	cyan	1
2.4652255773120055	3.5861526856485693	cyan	1
4.278746786921614	3.4409066245730235	cyan	1
0.7077875322981888	6.683460524963149	cyan	1
3.4618949435808384	2.978464517987101	cyan	1
3.0402792845176148	4.773068786912822	cyan	1
5.692622397107489	4.09608168754473	cyan	1
4.197579825754691	3.4197357925720646	cyan	1
0.7291478137119136	3.5321297117361925	cyan	1
0.6841570005873758	4.684525141807691	brown	2
6.721730591253971	1.518185875041032	brown	2
2.6372830117045547	3.99194280090273	brown	2
3.6238593418324085	3.412433845062374	brown	2
6.340002505146204	2.402249244291863	brown	2
3.4096633402230028	3.345603486634269	brown	2
3.943822904972514	6.026448068502901	brown	2
4.876399961066872	1.0535214784085891	brown	2
3.339181716974535	2.3193063126672495	brown	2
4.021474662091567	3.890335060820292	brown	2
2.671252476442819	2.7911683412043518	brown	2
5.540957377298891	6.89757400425596	brown	2
0.9996401174440854	2.54158602594012	brown	2
2.9655397130090364	5.138691587337043	brown	2
4.07113287452979	4.085170657680162	brown	2
3.8005551408715506	2.315707923220996	brown	2
3.8381713349483313	5.112355156943444	brown	2
2.1683049128111804	4.411118275692043	brown	2
2.756774133560696	2.944617858885546	brown	2
5.584416745514145	3.037662824272201	brown	2
4.574474975117116	4.0185955010482175	brown	2
7.396179628009544	4.19306669435399	brown	2
4.5139686512790345	5.421975162465842	brown	2
3.3581056106955627	4.482027047592237	brown	2
5.169152135056375	3.754523581447287	brown	2
5.792133715199976	3.5637712412028946	brown	2
3.0875709319155944	3.8639773273688576	brown	2
3.0567522048221094	2.762660697556753	brown	2
4.479144911292904	3.351833809062707	brown	2
5.184592725882377	4.60667649381128	brown	2
1.8968507887252795	4.1590616012499835	brown	2
4.6839143245143315	3.0408877121758477	brown	2
3.68549000807114	3.974080557813552	brown	2
6.159416479838953	1.9533064556141428	brown	2
4.572876254693344	0.956191684755983	brown	2
1.3026076203667252	1.1630624887018852	brown	2
5.839791078021618	2.356107463139306	brown	2
2.7276007894777003	3.727631757492866	brown	2
4.812523133259781	1.6296682435063694	brown	2
5.270633226903659	2.6417234168569834	brown	2
2.7253643776728262	6.540450079991487	brown	2
3.5815836113945805	3.823451175499933	brown	2
7.499023444286604	2.925625193783053	brown	2
6.351276621756885	3.4461969745013654	brown	2
3.223416747967416	2.72346203537208	brown	2
1.3560867115309843	3.852859847611366	brown	2
3.791681971717299	4.854647944039833	brown	2
2.8391589982010106	4.40918955813713	brown	2
1.5784847268428348	1.8072636301257199	brown	2
4.831469906204974	5.357482943724303	brown	2
3.97378824784144	4.962273333825007	brown	2
2.6849595311911845	2.4195204039345355	brown	2
4.202180415800712	5.970691803664704	brown	2
5.032632945470485	5.204654526166827	brown	2
3.2718297630638453	0.5956943444252825	brown	2
3.2206089571861694	6.031696231250043	brown	2
4.310209908168323	5.350261680305561	brown	2
6.284432921774497	2.6808959651947877	brown	2
3.3859769122372887	3.2885693061345926	brown	2
6.942750763702671	2.601827158170011	brown	2
1.4879384264719429	3.5321642570775604	brown	2
5.58954991999674	3.032873437645233	brown	2
3.8652079779014743	5.257498376965064	brown	2
4.250066050092429	5.180013364347256	brown	2
6.023167311111306	2.47227413169411	brown	2
6.0669267345539	3.21207898139602	brown	2
3.7870837232723016	5.91067307262858	brown	2
6.008158886926291	3.39716664297181	brown	2
2.860582476434837	3.8060764962139095	brown	2
3.5119236440605164	3.6776539395190206	brown	2
3.597421576794002	3.88136991254437	brown	2
1.7729340160923432	2.9723334715206033	brown	2
3.9339976728373287	4.690606076653214	brown	2
3.2947354045420085	4.990151636107579	brown	2
6.206385219850536	4.61870480269096	brown	2
3.058698792161867	3.3814664591166865	brown	2
4.017893674484246	3.174912437832268	brown	2
2.681741808627839	2.775858723015128	brown	2
4.121730463851788	2.9359043569984533	brown	2
3.7543542626441475	2.271563752842848	brown	2
5.866243085785578	1.2259113620186803	brown	2
2.514682855473782	5.365149102587283	brown	2
3.872376840718013	5.793665028896194	brown	2
4.994597406072842	2.97338048093234	brown	2
1.8541529303352022	2.0756267405714466	brown	2
3.7649566006841426	3.265599081254569	brown	2
5.062164430182307	2.2591194112911306	brown	2
2.8321723315878535	5.139223008871229	brown	2
4.5167912666402525	5.3212566806753525	brown	2
4.904259479295041	3.2500942005019744	brown	2
1.8277091054736232	2.771796669565455	brown	2
0.9918236510229441	1.9221694138536058	brown	2
5.0806157273222885	1.8213219434044374	brown	2
5.321646452494958	3.897083023845129	brown	2
1.0082046895014711	4.4230207547944005	brown	2
4.46380859778017	3.4871956929680206	brown	2
4.750779506637066	3.570904730550067	brown	2
2.6370881278984815	3.389626978394208	brown	2
5.2094582362568325	3.5280578368671054	brown	2
3.248962692068674	4.160823507609744	brown	2
2.9849989994616575	4.352104451726491	brown	2
4.995963852125891	6.0591149060315495	brown	2
4.273863796210971	4.839187105604058	brown	2
6.974053237736106	4.542394937649398	brown	2
3.6313542552217153	4.392924257726122	brown	2
5.79224793637175	4.5706589607688155	brown	2
5.901463107019089	3.4817023482211167	brown	2
4.598293626529504	3.38132699973807	brown	2
5.514251472096545	3.4836019041687187	brown	2
5.492059496050944	6.696901617510582	brown	2
3.4711349631003454	2.8234151628524655	brown	2
4.11202355544776	4.4698908626111225	brown	2
4.498081419783689	3.637830092368429	brown	2
5.42552577714412	4.281645249609908	brown	2
5.035986254452298	3.982169474749476	brown	2
3.895762791491337	4.041175749484518	brown	2
2.810224596736952	5.613268374912995	brown	2
3.9848739077234607	3.8886942963163262	brown	2
6.680623695522268	3.6477697919308163	brown	2
3.380874114120259	2.87788836361365	brown	2
3.946882788900832	3.993288575070306	rose	2
3.8789943570780636	4.786839579199354	rose	2
6.199788289581757	5.720974863527632	rose	2
4.7067573958945275	2.633042499330306	rose	2
3.6740479976726244	4.893355896547024	rose	2
3.749916021854108	1.405880391361288	rose	2
3.3800194157809997	6.320663702188591	rose	2
7.33359312326618	5.10235281001849	rose	2
4.128298898686769	5.278935229979006	rose	2
2.6025522283382974	1.7021264330728059	rose	2
1.947867850622048	1.9410826201864801	rose	2
3.889511716862184	5.099815845982697	rose	2
2.324418027466897	2.412871346964253	rose	2
4.723450718299429	4.960560266638622	rose	2
3.115421711162958	3.937091337392118	rose	2
3.42206208031108	3.229297339206051	rose	2
4.532806823320997	3.6312347297346768	rose	2
4.884128528398833	2.49638405341311	rose	2
4.630615527210432	2.3218817611004745	rose	2
2.4348489134115168	4.717258623387385	rose	2
4.29155272766478	2.5621111091727053	rose	2
1.534627253347904	4.4017720323066	rose	2
5.851675243854329	3.870644187299952	rose	2
4.083855641155494	3.677687145619029	rose	2
2.6639298412963623	3.098117069526107	rose	2
5.790613642988827	3.9847761158565316	rose	2
5.99545444042127	4.698697657916293	rose	2
5.7306396617172375	4.395291634453336	rose	2
4.307198033532239	3.5379037487410194	rose	2
1.0261427355761117	5.121796911611329	rose	2
2.603280749189301	3.4813598835112	rose	2
3.5912658778053603	3.9008108062961617	rose	2
3.413330880911821	2.9143831926856607	rose	2
4.781974246281116	2.5236694539958053	rose	2
2.9199228909347483	4.8240081588857295	rose	2
4.594104940485232	5.767849210661338	rose	2
5.132575079821882	5.400414225094354	rose	2
4.468534842089655	3.69954744958086	rose	2
6.992194321342915	5.5926973143720184	rose	2
3.1823932904389745	4.289669632030092	rose	2
3.6758094970118678	3.567503566376966	rose	2
2.0484292593400824	2.4763818671182	rose	2
3.0362292051518778	4.851290822816142	rose	2
2.936484437772057	4.814493922719347	rose	2
2.527092532455999	4.611379569403349	rose	2
3.8850265519480716	4.695177985904234	rose	2
5.905389414186038	3.7863312582968285	rose	2
5.286205126537644	4.795571780952336	rose	2
3.9035192958404448	3.890746893830139	rose	2
4.003768323566351	2.626842656213225	rose	2
4.446479858748983	2.7337041991229443	rose	2
2.748588152384888	4.576194225164644	rose	2
2.6994462202739857	2.1254882156974704	rose	2
3.09952778208167	3.799205149205454	rose	2
3.5495313981359624	5.936760154787308	rose	2
2.7644956578196482	3.145250323615491	rose	2
3.707518745314712	4.210345495473919	rose	2
4.41605552616716	6.970383735482114	rose	2
4.305338875400127	2.5947032736956044	rose	2
2.957940435417822	2.7242110758691074	rose	2
5.030801664245062	4.9314792326641905	rose	2
4.675523849277617	5.380962945573177	rose	2
5.837165416670166	3.289106716120274	rose	2
5.072646002434797	3.8416931830205017	rose	2
0.9999607818922738	5.1722033232330284	rose	2
2.941556876724883	4.8026525070828745	rose	2
4.30040146909707	2.185221798868169	rose	2
5.533293690170855	5.400998518836165	rose	2
2.1342062859294293	3.4832083751503724	rose	2
3.5249967207514556	2.2087174040860926	rose	2
6.949376978153765	5.429529335268608	rose	2
5.589554415974575	5.913949180115308	rose	2
4.237449627907491	2.1078965068680287	rose	2
3.2301233178085385	1.916412467477989	rose	2
1.958104313465352	2.734609483193263	rose	2
4.696229749315228	1.5962776111383792	rose	2
2.889668200877455	1.5292793053488634	rose	2
6.2042935407538025	3.0781879001178587	rose	2
4.6599117509784165	1.7948814235731403	rose	2
2.702304995603103	4.553651731322713	rose	2
5.729035938776216	3.0881914868477183	rose	2
7.001488714239795	3.528219793571662	rose	2
4.5888671044618	4.4429055059957285	rose	2
0.7547092835255786	5.138349113730831	rose	2
3.301596588598555	4.231145014900697	rose	2
2.5556772411634023	4.576387241038516	rose	2
4.974224526919836	4.718064412942293	rose	2
3.4219317886161145	5.076522004237345	rose	2
3.8299660982121346	5.2116791190881635	rose	2
3.4290942844610273	3.8027485342572334	rose	2
4.056005782486455	2.943537289020292	rose	2
4.864438209982396	4.63585742604828	rose	2
3.1916705209638003	3.522179322565553	rose	2
1.0274783822775788	2.7102108094827457	rose	2
1.5280570999731387	5.311713816810124	rose	2
2.274136450958947	0.8514490660738749	rose	2
5.010375544006502	5.243384936886956	rose	2
3.509740217776402	4.722464596842936	rose	2
5.641483277040821	3.770185685322171	rose	2
5.019806837061521	1.9122763230864686	rose	2
3.754651785465413	4.980446270099627	rose	2
3.326751421188626	7.3784207871922565	rose	2
3.6914413198242686	4.534075770695386	rose	2
4.54215462239525	4.566804028007018	rose	2
1.3298141945672088	3.659061766043879	rose	2
5.222678982391768	3.7061126605888886	rose	2
4.746889576867715	3.1442020724541173	rose	2
7.1355301974568395	5.230519437587501	rose	2
3.8658669632012215	4.557854482260512	rose	2
5.444140996152722	3.973477321293485	rose	2
2.39741735307972	3.168463585331102	rose	2
4.082134855290491	2.504811409534055	rose	2
0.8233844835016337	3.8824294962868224	rose	2
2.989073518989003	4.868200300957274	rose	2
2.4294051696251433	3.5347415609345996	rose	2
2.5488900627139213	5.177200885873858	rose	2
4.241897849999124	9.240148927372918	rose	2
4.756360912856758	4.43052856976891	rose	2
7.541610577816419	4.107391015478569	rose	2
3.7745907256930056	4.314879808842071	rose	2
1.4510316957791831	3.164101988338243	rose	2
2.319155432108343	4.299484358195726	rose	2
2.021928628073561	2.714391707269381	rose	2
2.153318248383049	3.819718973146242	rose	2
3.1677359134110796	4.74676543404039	rose	2
2.0865458450860883	4.713990579986673	rose	2
2.8392741449051844	5.419114124542075	rose	2
4.304876460743786	4.7410288740150115	rose	2
0.6398827013370143	4.207373206219315	rose	2
2.8037936404622448	4.7205794537961445	rose	2
3.254255195026825	5.614747961757867	rose	2
4.326223370387804	4.274586552103874	rose	2
5.912343438165525	2.004980065181129	rose	2
3.7033540517496655	3.4788096099893977	rose	2
6.096964669560588	4.776233996482055	rose	2
5.81475542223373	5.305696332807625	rose	2
2.5024308930663035	4.047553033120273	rose	2
6.699946302162683	5.195441792758561	rose	2
2.940565326343685	5.906974711322954	rose	2
7.276170922441144	4.174352432033025	rose	2
5.787139963890276	3.161519480701305	rose	2
4.922196294695166	3.912702944628231	rose	2
4.274760696848235	5.784164298638603	rose	2
2.1404752748880673	3.8425123448114316	rose	2
3.35517103189228	4.970157034119634	rose	2
2.530139876876133	3.932743220393261	rose	2
4.542186244836438	4.748087294320233	rose	2
5.824107669054259	2.1693040248776705	rose	2
3.2229559946314277	6.073219117746216	rose	2
5.047911559037647	4.296326967225041	rose	2
3.975683836478415	3.248976742489643	rose	2
5.403400640007559	4.653657826175885	rose	2
1.458179879534748	3.1092943680517244	rose	2
3.393052580881346	6.1089679072635725	rose	2
2.963150320589339	2.562485368844918	rose	2
2.617820260661179	3.2525597130835595	rose	2
1.4557973755894817	4.262422781364503	rose	2
3.9405707323976107	4.499209338552207	rose	2
4.71760936578889	6.9186144448426505	rose	2
3.919809709012358	2.179684900795076	rose	2
2.7743958107132345	3.8937514521960126	rose	2
3.9718817061035634	4.071226162040957	rose	2
6.295398874457648	4.04765943978644	rose	2
3.073155110563151	5.6309911674395625	rose	2
5.585438067288324	5.18529836773915	rose	2
6.122082311440822	2.7794877854872513	rose	2
5.974591327918932	4.333057920413319	rose	2
4.125329700806007	6.471064691020473	rose	2
2.6100587493258183	2.4210828235055017	rose	2
5.489309308490682	5.770119809224198	rose	2
2.645519137668093	3.1802129194341795	rose	2
5.704848146959327	2.816655969796461	rose	2
2.368434635825322	1.2027714592047238	rose	2
1.764016299009127	3.6497231227053377	rose	2
5.151098358194399	2.416217317154713	rose	2
3.078683152470463	2.856532182840496	rose	2
5.131996298314677	4.688591715011743	rose	2
3.8757755867637096	5.776430802310571	rose	2
5.053611025388885	4.07308741213505	rose	2
3.8542029541628953	3.700557679598587	rose	2
4.601019758291739	5.546037677277949	rose	2
2.138125086707921	2.5613072091171825	rose	2
5.09502303242392	4.954075323244264	rose	2
4.1112941225666875	4.866106824829235	rose	2
2.5739898938909103	2.4727442647986475	rose	2
3.5582855861739895	4.336361967320295	rose	2
2.2933620605584437	3.5542306594168593	rose	2
1.5037863882944937	4.052487004433952	rose	2
3.528941010060075	3.1837980107028176	rose	2
4.254686363519663	1.9636176873587576	rose	2
3.9041426584412458	6.408346806650279	rose	2
2.8530681259680715	2.2947036587021103	rose	2
2.77240369353703	3.084428987089014	rose	2
2.4526334911395766	3.1025480087425215	purple	2
2.5896298931787936	3.499728901460801	purple	2
5.9825157472400115	2.7875885610012654	purple	2
4.411533127842156	5.129651098455982	purple	2
5.771919688478732	5.031914169219407	purple	2
2.9510895946771587	4.15768746808685	purple	2
4.938458024679397	5.879263860449603	purple	2
4.2443295448431275	2.8461017983890793	purple	2
0.6658093838757182	5.136090654318948	purple	2
8.020928807411456	5.703974469887903	purple	2
5.1915511027129435	6.08326624869094	purple	2
5.909105527530983	2.6294169239298713	purple	2
5.943844104691561	5.742312235756134	purple	2
5.660533056198524	2.783160944497161	purple	2
3.3639452675555748	5.5742058964453784	purple	2
1.5414267472346999	3.282855918111237	purple	2
4.2889230849431845	5.7020280104665675	purple	2
1.9102489710496338	4.997928591883486	purple	2
1.9753836923995323	5.697639341154195	purple	2
3.1777935558591133	2.949534041467576	purple	2
3.6729678021610574	3.592731816976009	purple	2
4.1412166107403925	2.156282187688645	purple	2
4.500892314896092	4.94191502887133	purple	2
4.004906777679875	2.7833063439263332	purple	2
2.6728625367070067	4.754520836949377	purple	2
7.135316968730496	5.725513639398535	purple	2
1.7602921679607446	3.789627034801624	purple	2
4.537743638937114	4.988353201028232	purple	2
3.7967117482082027	4.488534305612563	purple	2
1.0729818143516732	1.49164416302489	purple	2
2.966859627300277	4.304529795117752	purple	2
2.7726621572341834	4.361462168619408	purple	2
4.935040108543607	6.248709762738134	purple	2
3.232037785940224	3.7567765778311664	purple	2
2.8273391681801154	5.938435506276694	purple	2
4.775006294234406	3.517306622131226	purple	2
4.029494923130616	4.21782979641335	purple	2
4.791829848576329	4.030023195095628	purple	2
3.2539151371821733	5.994846260959618	purple	2
7.148726449620274	3.815550481596813	purple	2
3.7476646218741125	3.901029418439567	purple	2
4.196920553307091	5.562866089164046	purple	2
4.250650621708913	4.356975153356268	purple	2
4.589287851679721	5.343072271845007	purple	2
4.726010119938016	2.393159789764106	purple	2
1.5822304943151426	4.5889036380961	purple	2
3.2015567068768322	4.899636432116815	purple	2
3.9559625913506844	4.864990381039874	purple	2
1.4944054102347257	3.3133563074632386	purple	2
5.097038524418079	3.932202483756424	purple	2
2.668679554233097	5.6887955676960145	purple	2
4.017156894253087	3.528828796947217	purple	2
4.7779243711021255	4.165239611773097	purple	2
2.887012727889021	5.163624806879001	purple	2
5.95542188641263	1.1122061140364368	purple	2
6.022624763936426	2.865286784690954	purple	2
3.8216024379257267	5.136127931111895	purple	2
2.4488122665811227	4.103145460891836	purple	2
7.0332141556226295	4.887704454476595	purple	2
1.334787961536795	0.8871311560721762	purple	2
3.213828979837955	4.406697472013917	purple	2
3.514513149503531	4.712556193847448	purple	2
4.882276421468368	3.2242854778055214	purple	2
4.3991229671170675	4.452135738118201	purple	2
3.6482312364160725	2.8211070121275137	purple	2
3.981272690263755	3.9893992237304765	purple	2
3.7652919076643045	4.10298175666891	purple	2
3.8378291605846364	5.18284341418558	purple	2
4.162081744266728	3.739183674555031	purple	2
4.6154396565387605	2.681942497302015	purple	2
5.178152788245187	4.766527351598836	purple	2
2.1677311118630214	4.22391767061684	purple	2
3.86492961055497	6.544472716863252	purple	2
5.3207996035134055	2.5643442112444363	purple	2
2.562915398766761	4.005873006344831	purple	2
1.525369170072731	3.4640567408646943	purple	2
6.028748300229941	5.6691240759148585	purple	2
4.211593705270215	0.033345075918052025	purple	2
3.290128008054517	3.991769947342176	purple	2
4.667463332608888	4.320674709972758	purple	2
0.7567141617336262	3.9191185582854597	purple	2
2.934463201573921	3.3111163918168267	purple	2
4.387369957036519	5.40068203319462	purple	2
3.590841392507062	3.850018032228752	purple	2
3.341596158325337	5.018003918855134	purple	2
2.6315734391840766	4.104485946949087	purple	2
1.743333885676699	4.055873527998516	purple	2
3.839500456137452	3.4086928635069706	purple	2
3.7859091092850528	0.7853965596111139	purple	2
4.411788585313167	2.3048412518518644	purple	2
4.714124394168281	5.568724648345961	purple	2
4.717904363851162	3.308462202682092	purple	2
2.8062308571799823	4.414240161592402	purple	2
5.11099229964555	4.126306274043268	purple	2
3.833656794509278	5.818479149362244	purple	2
4.263684250643675	2.8417467145501636	purple	2
1.5943734674464531	1.6184232314869345	purple	2
6.456132520619956	3.77684955502307	purple	2
2.966453052273718	4.371578295550532	purple	2
2.9893219652891734	5.731384993548625	purple	2
5.233065524991865	3.844546104957315	purple	2
5.2173814911411975	4.531668838155825	purple	2
5.747354883138365	2.7305575407237477	purple	2
3.9474542027494586	1.6925379580460955	purple	2
3.2831811678370593	5.733043496662482	purple	2
4.081255661514793	3.0411604365731875	purple	2
2.619766305559703	3.296218264400166	purple	2
3.8317000772334335	4.9079770949971895	purple	2
2.390089990285523	2.270580573612433	purple	2
4.8957168285720485	3.476757505198402	purple	2
2.061163470580231	3.475350157512609	purple	2
4.303467314809073	5.536391972769902	purple	2
3.0294114152996916	2.2089842068957584	purple	2
3.221367143087088	5.639002568567799	purple	2
2.411062254014307	2.1182486605492103	purple	2
1.4821092155739963	3.099036149843582	purple	2
5.369163699695969	4.262850075802214	purple	2
4.539349222530033	3.8520740493496297	purple	2
1.498205485013489	5.77885664560546	purple	2
5.277289449969262	4.83280547635487	purple	2
1.480845958338783	5.210201864628837	purple	2
5.8119073642240355	4.990203337942337	purple	2
2.493073398818134	3.5005019656630583	purple	2
6.8328493723575505	2.219945858648078	purple	2
3.250133992120431	5.023190784412995	purple	2
4.211380809700205	3.380054481866323	purple	2
3.9493100715178544	2.6648311590936316	purple	2
3.6253565504815963	6.904532834517109	purple	2
4.557423169963901	3.8765236093330957	purple	2
5.390002272898032	4.581819188686508	purple	2
3.2444084072334674	4.866332113350084	purple	2
3.2511496146698673	3.9693399176796214	purple	2
3.27449736626742	5.669359884233088	purple	2
2.7757418075191795	3.9459355439777792	purple	2
2.7448664138398984	4.032677850477244	purple	2
3.864118530882006	2.9935600545982552	purple	2
4.397195686508373	2.394922088202403	purple	2
3.9324936788492173	4.113220025354513	purple	2
3.463552857845429	4.006889437766674	purple	2
5.496232139547831	2.840575812163597	purple	2
2.6492220397771957	5.346593260577368	purple	2
3.1001951812078588	5.890093766239355	purple	2
5.527145895574298	4.914286121972657	purple	2
3.700762488157302	3.0003265841213285	purple	2
4.920778379933789	5.828439606473156	purple	2
2.8332059465967245	2.9658498881145	purple	2
6.427120812444507	5.493729944780146	purple	2
3.3580412616999182	3.195728254176887	purple	2
5.287659147734274	2.5591806119713487	purple	2
3.8736493580151574	2.004093063822684	purple	2
3.7640073604618722	1.8585804104425714	purple	2
2.9696026786842893	6.18306025260442	purple	2
3.9483457424987507	3.3448701249351385	purple	2
2.623001674186148	3.9485864886788904	purple	2
3.5352212479310507	5.6582538880475095	purple	2
5.239431199344639	4.673696189689328	purple	2
4.9201889774961955	4.192108270189193	purple	2
3.844661713526877	7.385551820879193	purple	2
4.684896606660124	1.2526953920780266	purple	2
3.8895767309011546	3.0866946500544747	purple	2
3.5874163443333287	5.026528525762976	purple	2
4.101644386612233	2.350246916546965	purple	2
3.586546294489575	4.280574674229362	purple	2
7.130842208221816	7.530380947617237	purple	2
4.971049372843996	3.561359101563327	purple	2
3.9674923998215994	3.914891963805264	purple	2
3.662910660913897	3.9237127943904433	purple	2
4.659794095601644	3.8740737411299095	purple	2
4.020711674481613	2.709176418570226	purple	2
5.651513136937832	3.3737674431366496	purple	2
2.286171283158219	3.9246495739994796	purple	2
2.6282917992013854	4.2370082119996875	purple	2
3.7574430062138187	3.6337822961392665	purple	2
6.338364484071169	5.5373403340829555	purple	2
4.460410005270197	4.211521990710574	purple	2
4.879289659682007	5.312939649082063	purple	2
3.2795173996085873	3.3171657673477304	purple	2
3.3039932963472687	4.359570429747692	purple	2
2.5355119442965313	4.852708676211782	purple	2
5.904607853311769	6.534550992221031	purple	2
5.502109992079214	5.394442934064772	purple	2
3.6985241158522912	6.480468723743446	purple	2
3.4901591428044005	3.3469085893019592	purple	2
2.267257850420088	3.3041658384710626	purple	2
3.8321693799031284	5.930080005810486	purple	2
2.442012542725097	5.389426130636281	purple	2
5.064081483942661	4.401153855322551	purple	2
3.523886704612445	6.777243206808077	purple	2
4.529288074809652	4.383468653671066	purple	2
4.438165662121491	2.5707351395720943	purple	2
2.4702604583043435	4.408827587742952	purple	2
2.6973975267493415	5.253127605229069	purple	2
4.468755370388065	4.960204549479491	purple	2
4.759436864845301	2.398983138274448	purple	2
3.7303674795055626	5.358608355473428	purple	2
4.105610709211651	2.089193092931376	purple	2
3.8854443683025734	5.488137098125367	purple	2
3.2443154555778544	4.233194069001664	purple	2
5.454490811462304	6.522454178283131	purple	2
4.245345001980572	2.5433073697032644	purple	2
3.394396007755374	1.1771171173134132	purple	2
5.430271080992503	3.8787871374894474	purple	2
3.2913385474164922	4.052740898682985	purple	2
4.38284051586894	4.493913855519398	purple	2
3.3469956938864476	5.681648487206125	purple	2
2.7164518003976648	4.116833179069579	purple	2
3.9794777971722475	4.460496750814046	purple	2
4.790445608656676	5.08765978478165	purple	2
4.555241910256552	5.609128353244438	purple	2
5.379883557068183	2.2541981731711234	purple	2
2.990970583965124	4.720105229549811	purple	2
5.214842081056482	3.1399780758964666	purple	2
4.397066261398269	5.7292850061323275	purple	2
3.0607888813606015	2.339987367506787	purple	2
7.256167835858328	5.232403074252689	purple	2
5.864556952089531	5.925480728552881	purple	2
5.590417813242599	5.489640458312869	purple	2
3.6892740205417787	5.6363290194617495	purple	2
4.288376344393817	3.3791407928138173	purple	2
5.244159540463859	4.12023830777211	purple	2
6.339135251966051	2.970545625574892	purple	2
5.02188427400504	3.1265594538026593	purple	2
4.717811855650792	4.536467432164743	purple	2
3.4070549867260924	2.7474730643009533	purple	2
5.31494217964747	4.224698088645579	purple	2
3.0269981935102304	4.7707572746609115	purple	2
3.113338206242446	4.287047369682093	purple	2
5.224825779701498	3.0406657504102808	purple	2
3.6705516069055912	4.829475614774259	purple	2
2.283623934876495	2.5874199534619304	purple	2
5.117347045091046	3.1987770610013557	purple	2
1.738429690291491	6.065117316494968	purple	2
0.7444808461990151	5.07205604820749	purple	2
3.092074346978603	4.226099559126984	purple	2
2.2676378009980653	1.4890924583234595	purple	2
4.379864996232897	2.4893486600386225	purple	2
3.2831747297618636	1.325281114039635	purple	2
2.1194818306405296	5.597104073158428	purple	2
3.4188909094061715	4.334521096676441	purple	2
2.770386124249627	4.590982009840111	purple	2
4.096441103442419	2.627138863320152	purple	2
5.56886739559871	1.7292316726589694	purple	2
4.714351338747819	4.392482828346024	purple	2
1.3321152768999829	3.5213812614735023	purple	2
4.03273550412636	5.991152740563614	purple	2
3.796233431777212	4.441699601031242	purple	2
3.9377795384722227	5.5549776732643075	purple	2
6.6897372831216195	4.597543346080575	purple	2
3.7080000575385124	4.084096585912718	purple	2
5.104656189161086	3.6112734801729696	purple	2
2.556655977629024	6.498856806212048	purple	2
5.121350445748786	4.827299525765909	purple	2
4.995744947774085	6.979774807483054	purple	2
3.0612030106091526	3.675017454496733	purple	2
5.591508551639327	4.82583387705237	purple	2
4.225079079083996	3.0497574760318535	purple	2
7.461499038948078	1.2551274983069343	purple	2
3.5487977900966454	3.054614908062739	purple	2
4.540964905275303	1.7390658284123677	purple	2
4.710066184775167	2.332189912175976	purple	2
4.47356126781205	4.392634393787266	purple	2
4.212963027585535	3.009229212637362	purple	2
5.235442795032743	4.181127262185989	purple	2
0.834357854697124	3.6693752428643096	purple	2
4.2794188123368615	4.314890631231992	purple	2
4.8063834688235625	3.8075980291241835	purple	2
3.5645311614668183	1.9408174388068336	purple	2
5.823781119215694	2.514652364818973	purple	2
2.779568339711272	2.7270341167615726	purple	2
4.443946501281976	5.196362036273055	purple	2
4.192420898727498	4.790367038925578	purple	2
5.033002324988956	4.99672917071225	purple	2
2.646572371142093	2.5134997755310597	purple	2
3.3654457019367525	2.4061165169998002	purple	2
5.305988765995158	4.309897956522897	purple	2
2.696916836042112	3.256364772560424	purple	2
4.877367655935494	4.228673841684668	purple	2
4.868160222067607	6.439518285616602	purple	2
1.8671184965485859	2.463624653318896	purple	2
4.310584733036813	4.8607067285208645	purple	2
2.3900409719681712	2.6652405999638384	purple	2
2.52210660345229	5.978945567020388	purple	2
3.8757724502290554	3.0990395508123654	purple	2
0.01978025286628693	5.648648690209647	purple	2
4.41866947672828	5.137055905880184	purple	2
3.927222184081246	3.645382116456468	purple	2
3.121976720874762	6.37061653650801	purple	2
</dataset>
</data>
